UCS
35 241 159
4 27 39
23 53 29
5491
0 7 30 16
0 7 31 7
0 7 32 3
0 8 29 11 17
0 8 32 4 7
0 9 28 3 15
0 9 29 3
0 9 30 11
0 9 31 8
0 9 32 3
0 9 33 7
0 9 34 3
0 10 27 11
0 10 28 4
0 10 29 3 4 8 12 16 18
0 10 30 3 11
0 10 31 7
0 10 32 4 11
0 10 33 1 8
0 10 34 4 12
0 10 41 15
0 10 42 3
0 10 43 1 16
0 10 44 3
0 11 28 17
0 11 29 4 11
0 11 30 4
0 11 31 7 11
0 11 32 8
0 11 33 3 8
0 11 34 15
0 11 36 7
0 11 40 15
0 11 41 5 16
0 11 42 1 3 4 6 7 8 12 16 17 18
0 11 43 7 12
0 11 44 3 4
0 11 45 16
0 12 33 4
0 12 35 11 18
0 12 36 1 15
0 12 37 11 12
0 12 39 16
0 12 40 17
0 12 41 17 18
0 12 42 3 4
0 12 43 5 7
0 12 44 1 4 5 6 7 8 11 15 16 17
0 12 45 6 16
0 13 36 15
0 13 37 18
0 13 38 7 17
0 13 41 11
0 13 42 4 12
0 13 43 8 17
0 13 44 3 17
0 13 45 5 18
0 13 46 6
0 14 37 11 18
0 14 38 11 16
0 14 39 7
0 14 40 1 16
0 14 41 11
0 14 42 8 12
0 14 44 4 5
0 14 45 6 7
0 15 37 17
0 15 38 8 15
0 15 39 11 17
0 15 40 7
0 15 41 3 11
0 15 42 3
0 15 43 7
0 16 38 1
0 16 39 1 18
0 16 40 5 15
0 16 41 4 6
0 16 42 4 8 12 15
0 16 43 3 7
0 16 44 12
0 17 37 11
0 17 38 3
0 17 39 12
0 17 40 7 8
0 17 41 3 18
0 17 42 5
0 17 43 3 4 5 6 7 11 15 18
0 17 44 6
0 18 38 4 8
0 18 41 4 15
0 18 43 4
0 18 44 5 18
0 18 45 6
0 19 42 15 18
0 19 43 3 11
0 19 44 16
0 20 42 5
0 20 43 4 6 8 12 15 16 17 18
0 20 44 3 12
0 20 45 1 16
0 20 46 15 16
0 21 42 3 17
0 21 43 5 7
0 21 44 1 3 4 5 6 8 12 15 16 17 18
0 21 45 1 5 6 7 11 17
0 21 46 3 6
0 21 47 18
0 22 42 4
0 22 43 17
0 22 44 4 16
0 22 45 16 18
0 22 46 4
0 23 43 17
0 23 44 7 17
0 23 45 1
0 24 43 3 11
0 24 44 1
0 24 45 1 7
0 25 38 15
0 25 39 11
0 25 40 3
0 25 41 3 7
0 25 42 3
0 25 43 4
0 25 44 11
0 25 45 3
0 25 46 12
0 26 39 3 15 18
0 26 40 3 4 8 12
0 26 41 4 15
0 26 42 3 4
0 26 43 16
0 26 44 12 15
0 26 45 3 4
0 26 46 16
0 26 47 16
0 27 39 4
0 27 40 1 3 4 18
0 27 41 3
0 27 42 1 4 8 11 17 18
0 27 43 1 15
0 27 44 15
0 27 45 3 4 8 11 12 17 18
0 27 46 16 17
0 27 47 1 16
0 28 39 16
0 28 40 1 4
0 28 41 3 4 5 16
0 28 42 6 15
0 28 43 1 11
0 28 44 5 18
0 28 45 4 6 8 15 17 18
0 28 46 12 17
0 29 38 7 17
0 29 39 7
0 29 40 1 17
0 29 41 4 7
0 29 42 1 3 5 8 15 16
0 29 43 6 18
0 29 44 16
0 29 45 1 15
0 29 46 12 18
0 30 38 1
0 30 39 7
0 30 40 5
0 30 41 6 17
0 30 42 4 11
0 30 43 7 11 15 16 17 18
0 30 44 8 16
0 30 45 8
0 30 46 18
0 31 38 8
0 31 39 1
0 31 40 12
0 31 41 5
0 31 42 6 17
0 31 43 3 11 12 17
0 31 44 18
0 31 45 7
0 31 46 16
0 32 40 12
0 32 42 8
0 32 43 4 5
0 32 44 6
0 32 45 1 17
0 32 46 1 12
0 33 43 11 16
0 33 44 3
0 33 45 12
0 33 46 12
0 34 42 17
0 34 43 5
0 34 44 3 4 5 6 7 8 15 16
0 34 45 6
0 35 43 3 17
0 35 44 4
0 35 45 11 18
0 36 43 4
1 7 29 8 15
1 7 34 12
1 8 30 5 7 8 14 18
1 8 31 1 5 6 9 10
1 8 32 3 6
1 8 33 16
1 8 34 1
1 9 27 15
1 9 28 3 11
1 9 29 9
1 9 30 15
1 9 31 5 14
1 9 32 3 4 6 10 16 17
1 9 33 9
1 9 34 16
1 9 35 12
1 10 27 5
1 10 28 1 3 4 6 7 12 13 14 16 18
1 10 29 11
1 10 30 5 16
1 10 31 3 6 14 16 17 18
1 10 32 4 9
1 10 33 2 9 10 11 12 13 14 16 17
1 10 34 7 15
1 10 38 3
1 10 42 9
1 10 43 2
1 11 26 1
1 11 27 17
1 11 28 4 15
1 11 29 17
1 11 30 14 17
1 11 31 4 10
1 11 32 1 14 17
1 11 33 11 15
1 11 34 1
1 11 35 5 18
1 11 36 3 6
1 11 37 16
1 11 38 3 4 8 11 12
1 11 41 13
1 11 42 2 13
1 11 43 5
1 11 44 6 9
1 12 29 18
1 12 30 12
1 12 31 5 10
1 12 32 6 12
1 12 34 18
1 12 35 5
1 12 36 1 2 3 4 6 7 8 10 11 13 14 16 17
1 12 37 1
1 12 38 4 14
1 12 39 3
1 12 41 12 15
1 12 42 10 12
1 12 43 9 10
1 12 44 2
1 12 45 14
1 13 25 7
1 13 35 17
1 13 36 3 4
1 13 37 11
1 13 39 4 16
1 13 40 16
1 13 41 5 13
1 13 42 3 6 8 9 11 12 14 15 18
1 13 43 10
1 13 44 10
1 14 24 11
1 14 25 1 3
1 14 26 8 12
1 14 36 4
1 14 37 5 7
1 14 38 1 6 7 8 9 10 11 14 17
1 14 39 3 7 11 14 15 17
1 14 40 2 5
1 14 41 6 13
1 14 42 4 14
1 14 43 12 18
1 15 25 4
1 15 38 15
1 15 39 4 10
1 15 40 14 18
1 15 41 16
1 15 42 9 14
1 15 43 7 16
1 15 45 10 16
1 16 27 7
1 16 35 8
1 16 38 2 5
1 16 39 2 3 5 6 7 11 12 16 18
1 16 40 3 6 9 10 17
1 16 41 13 15
1 16 42 5 17
1 16 43 6 7 10 11 12 13 16
1 16 44 12 17
1 17 38 3 7 9 13 14 17
1 17 39 4
1 17 40 4
1 17 41 11
1 17 42 17 18
1 17 43 10
1 17 44 7 14
1 18 38 4 16
1 18 40 10
1 18 43 10
1 19 37 17
1 19 43 8 9
1 19 44 14
1 20 42 13
1 20 43 13
1 20 44 9
1 20 45 2
1 21 43 13 15
1 21 44 2
1 21 45 2
1 21 46 14
1 22 43 10
1 22 44 18
1 22 45 10
1 23 43 15
1 23 44 3 7
1 23 45 2 16
1 24 42 15
1 24 43 15
1 24 44 2 4 8 10 12 14 15 16 17 18
1 24 45 2
1 24 46 7 12
1 25 40 9 14
1 25 43 17 18
1 25 44 5 18
1 25 45 1 5 6 10 11 12 13 14 18
1 25 46 6
1 25 47 12
1 26 39 13
1 26 40 15
1 26 41 3 10
1 26 42 7 9
1 26 43 13
1 26 44 3
1 26 45 9
1 26 46 8 15
1 26 47 16
1 26 48 12
1 27 38 8
1 27 39 1 5
1 27 40 2 6
1 27 41 1 3 4 8 18
1 27 42 2
1 27 43 2 14
1 27 44 4 13
1 27 45 9
1 27 46 14 17
1 27 47 2 18
1 28 38 11
1 28 39 1
1 28 40 2 5
1 28 41 4 6 7
1 28 42 7 9
1 28 43 2 12
1 28 44 1 8 14
1 28 45 8 11 13
1 28 46 16
1 29 38 11
1 29 39 8
1 29 40 2
1 29 41 12 15
1 29 42 2 3
1 29 43 5 7
1 29 44 6 9
1 29 45 1 2 3 7 8 9 11 12 13 15 17
1 29 46 16
1 30 38 2 3 9 10 11 12 16
1 30 39 1 10
1 30 40 12
1 30 41 10 15
1 30 42 4 18
1 30 43 14
1 30 44 14
1 30 45 4 17
1 30 46 18
1 31 37 3 17
1 31 38 4
1 31 39 2 3 7 8 10 13 15
1 31 41 5
1 31 42 1 3 6 8 9 11 12 13 15 16 18
1 31 43 10
1 31 44 14
1 31 45 3 8
1 31 46 16
1 32 37 4
1 32 39 4 13
1 32 40 18
1 32 41 11 17
1 32 42 4
1 32 43 18
1 32 44 1 3
1 32 45 1 2 4 10 13 15 17
1 32 46 2 15
1 33 43 5
1 33 44 1 4 5 6 7 9 11 12 13 14 15 16
1 33 45 6 13
1 33 46 8 18
1 33 47 12 18
1 34 43 17
1 34 44 1
1 34 45 1 18
1 34 46 12 15
1 35 44 10
1 35 45 8
1 35 46 14
1 35 47 18
2 6 29 9
2 6 35 16
2 7 30 9
2 7 33 11 13
2 7 34 1 17
2 8 31 2 3
2 8 32 7 16
2 8 33 1
2 8 34 2 12
2 8 35 1
2 9 29 14
2 9 30 10
2 9 31 4 17
2 9 32 5 12
2 9 33 6 8
2 9 34 1 13
2 9 35 3 15
2 10 27 13
2 10 28 2
2 10 30 11 14
2 10 31 3
2 10 32 13
2 10 33 3
2 10 34 7 14
2 10 35 4 12
2 10 36 7 18
2 10 38 9
2 11 24 12
2 11 26 2 7
2 11 27 7 15
2 11 28 5 10
2 11 29 6 16
2 11 31 3 4 8 11 12 16
2 11 32 2
2 11 33 4 5
2 11 34 2 5 6 10 11 12 14
2 11 35 6 16
2 11 36 9
2 11 37 12 13
2 11 39 5 14
2 11 40 6
2 12 23 11
2 12 24 1
2 12 25 8
2 12 28 5 8 11 15 17 18
2 12 29 6 13
2 12 30 17
2 12 31 4 13
2 12 33 7
2 12 34 17
2 12 35 12
2 12 36 2
2 12 37 2 14
2 12 40 13
2 12 41 13
2 12 42 7 9
2 13 24 8
2 13 25 7
2 13 26 9 11
2 13 29 18
2 13 32 8
2 13 36 10
2 13 38 9 14
2 13 41 13
2 13 43 14
2 14 23 5
2 14 24 6 11
2 14 25 1 2 10 12 13 14 15 16
2 14 26 12
2 14 27 11
2 14 28 7
2 14 36 7
2 14 37 5
2 14 38 2 6
2 14 39 14
2 14 40 14
2 14 41 3
2 14 42 13
2 15 24 17
2 15 25 12 15
2 15 26 18
2 15 27 11
2 15 28 1
2 15 29 12
2 15 35 9 11
2 15 36 1
2 15 37 10 11
2 15 38 10
2 15 39 5 10
2 15 40 6 16
2 15 41 4 15
2 15 42 3
2 15 43 16
2 16 26 5 18
2 16 27 6 11
2 16 28 11 12
2 16 35 11
2 16 36 5 8
2 16 37 6
2 16 38 3 13
2 16 39 3 17
2 16 40 14
2 16 41 5 8
2 16 42 1 3 4 6 7 8 12 13 16 17 18
2 16 43 10 13
2 16 44 14
2 17 27 8 10
2 17 38 4
2 17 39 4 10
2 17 40 5
2 17 41 6 17
2 17 42 4 14
2 17 43 7 10
2 18 38 10
2 18 42 8
2 18 43 9
2 18 44 10
2 23 44 9
2 24 43 8 13
2 24 44 10
2 24 45 13
2 24 46 3
2 24 47 16
2 25 42 3
2 25 44 11 13
2 25 45 2
2 25 46 1 4 7 8 9 10 13 14 15 16 17
2 26 38 5 9
2 26 39 5 6 7
2 26 40 6
2 26 41 9 11
2 26 42 4 7
2 26 45 5 17
2 26 46 6
2 26 47 13 18
2 27 38 11 12
2 27 39 2 7
2 27 40 12
2 27 41 2
2 27 42 10
2 27 43 3
2 27 44 8 9
2 27 45 9 12
2 28 38 3 5
2 28 39 2 3 6 7 9 14
2 28 40 1 8
2 28 41 5 12
2 28 42 5 6 8 13 15
2 28 43 4 6
2 28 44 2 8
2 28 45 9
2 28 46 7 14
2 29 38 4 8
2 29 39 4 14
2 29 40 13 16
2 29 41 7 10
2 29 42 10
2 29 43 18
2 29 44 12 13
2 29 45 2
2 29 46 3 14
2 30 37 13 16
2 30 38 11
2 30 39 1 2 3 5 8 9 11 12 13 14 15 16 17
2 30 40 6
2 30 41 5
2 30 42 6 9
2 30 43 10 11
2 30 45 9 10
2 30 46 4
2 31 36 17
2 31 38 17
2 31 39 4 16
2 31 40 12 18
2 31 41 13
2 31 42 2 11
2 31 43 14
2 31 45 3
2 32 38 17
2 32 39 3 10
2 32 42 14
2 32 44 2
2 32 45 2 4
2 32 46 9
2 33 39 4
2 33 43 13
2 33 44 2 8
2 33 45 7 14
2 33 46 13 16
2 34 44 2 10
2 34 45 2 3 5 7 8 9 11 12 13 15 16 17
2 34 46 6 15
2 35 44 17
2 35 45 4
2 35 46 18
2 35 47 18
3 6 34 1 3
3 6 35 16
3 7 32 15
3 7 33 5
3 7 34 2 4 5 6 7 11 14 15 16 17
3 7 35 6
3 8 29 15
3 8 31 7
3 8 32 5 7
3 8 33 1 2 3 6 8 9 12 13 15 16 17 18
3 8 34 16
3 8 35 2 18
3 9 30 15 18
3 9 31 1 13
3 9 32 10 17
3 9 33 4 17
3 9 34 2 5 11 12 18
3 9 35 6
3 10 25 12
3 10 26 12
3 10 27 3
3 10 29 16
3 10 30 5 8
3 10 31 1 5 6 7 8 9 11 12 14 18
3 10 32 6
3 10 33 15
3 10 34 1 13
3 10 35 16
3 11 23 13 15
3 11 24 3 11
3 11 25 9 16
3 11 26 12
3 11 27 1 4 11 12
3 11 28 9 17
3 11 30 13
3 11 31 8
3 11 32 14
3 11 33 7 13
3 11 34 8 10 15 17 18
3 11 35 14
3 11 36 10 13
3 12 23 5
3 12 24 1 2 3 4 5 6 8 9 14 15 16 17 18
3 12 25 6
3 12 26 8 10 11
3 12 27 10 12
3 12 29 14
3 12 32 9 11
3 12 33 1
3 12 34 12 13
3 12 35 8 18
3 13 22 11
3 13 23 17
3 13 24 4
3 13 25 18
3 13 26 16
3 13 27 8 14
3 13 33 8 10
3 13 42 10
3 14 22 11
3 14 23 1
3 14 24 1 13
3 14 25 1 2 3 5 7 10 11 13 14 15 17
3 14 26 6 11
3 14 27 16
3 14 28 3 14
3 14 29 5 16
3 14 30 6
3 14 34 7
3 14 35 15 16
3 14 36 3
3 14 37 1 16
3 14 38 3 12
3 15 23 3 8
3 15 24 13 16
3 15 25 4
3 15 26 17 18
3 15 27 5
3 15 28 1 2 3 4 5 6 7 8 10 11 12 13 14 15 17
3 15 29 6
3 15 34 17
3 15 35 5
3 15 36 1 2 3 4 5 6 7 8 9 10 11 12 14 15 16 17 18
3 15 37 6 7
3 15 38 4 14
3 15 41 9
3 15 42 9
3 16 23 4 17
3 16 26 5
3 16 27 1 3 6 7 9 12 13 16
3 16 28 4 14
3 16 29 14 18
3 16 34 8
3 16 35 17
3 16 36 4 14
3 16 37 18
3 16 41 13
3 16 42 2 5
3 16 43 6
3 17 26 17
3 17 27 4
3 17 28 8
3 17 42 9 10
3 18 36 12
3 18 43 10
3 23 43 9
3 24 46 1 9
3 25 37 15
3 25 42 16
3 25 45 14
3 25 46 2 7
3 26 38 15 18
3 26 39 11
3 26 40 8 16
3 26 41 16 17
3 26 42 14
3 26 43 16
3 26 44 9
3 26 45 5
3 26 46 6 10
3 27 37 13
3 27 38 11 12
3 27 39 1 7 10 13 14 17 18
3 27 40 5 9 11 15 16 17
3 27 41 6 7
3 27 42 1 3 9 10 11 15 17
3 27 44 9 13
3 28 38 9 11
3 28 39 10 17
3 28 40 2 13
3 28 41 3 18
3 28 42 3 4
3 28 43 18
3 29 39 9 10
3 29 40 3
3 29 41 4
3 29 42 4
3 29 43 13
3 29 46 10
3 30 38 11 13
3 30 39 2 14
3 30 40 4 14
3 30 41 10
3 30 44 3 14
3 31 39 13
3 31 43 14
3 31 44 3 4
3 32 44 4 9
3 33 45 8 9
3 34 44 13
3 34 45 10
3 34 46 14
3 35 45 10
4 6 34 2
4 7 33 9 11
4 7 35 14
4 8 31 3
4 8 32 13
4 8 33 2
4 8 34 3 10
4 9 30 9
4 9 31 2 4 8 9 10 11 12
4 9 32 10
4 9 33 13
4 9 34 4
4 9 35 14
4 10 24 13 15
4 10 25 3 13
4 10 26 5 16
4 10 27 6
4 10 30 13
4 10 31 2 9
4 10 32 14
4 10 34 2 9
4 11 23 3 7
4 11 24 8 9
4 11 25 1 3 4 7 8 13 14 17 18
4 11 26 8 9 11 13 16
4 11 27 2
4 11 28 14
4 11 30 5
4 11 31 3 6 7 10 12
4 11 32 15
4 11 33 11 16
4 11 34 1
4 11 35 9
4 12 21 15
4 12 22 11 16
4 12 23 4 5
4 12 24 2 6
4 12 25 3 4 17
4 12 26 1 13
4 12 27 9 14
4 12 30 11
4 12 31 4
4 12 32 15 17
4 12 33 1 2 5 8 9 10 12 13 14 16 18
4 12 34 6
4 12 35 7
4 13 21 17
4 13 22 15 18
4 13 23 8 14
4 13 24 1
4 13 25 4
4 13 26 5 7
4 13 27 1 6
4 13 31 5
4 13 32 6 17
4 13 33 11 18
4 13 34 11 16
4 13 35 1 12
4 13 36 16
4 14 22 5
4 14 23 1 2 3 6 9 11 12 14 15 16 18
4 14 24 2 16
4 14 25 2
4 14 26 11 14
4 14 27 14
4 14 28 9
4 14 33 17
4 14 35 16 17
4 14 36 9
4 14 37 2 13
4 15 22 11 17
4 15 23 4 17
4 15 24 18
4 15 25 10
4 15 27 1 13
4 15 28 2 8
4 15 29 7 14
4 15 33 5 16
4 15 34 6 7 9 10 17
4 15 35 13
4 15 36 2
4 15 37 12 14
4 15 38 12
4 16 26 8 13
4 16 27 2
4 16 28 9 10
4 16 32 17
4 16 33 5 7
4 16 34 6
4 16 35 16
4 16 36 3 10
4 16 37 10
4 17 27 10
4 17 32 11
4 17 34 15 17
4 17 35 3
4 17 36 4 12
4 18 30 11
4 18 35 4 8 11 13 15 18
4 19 36 18
4 24 46 2
4 25 40 9
4 26 38 3
4 26 39 3
4 26 40 14 16
4 26 41 3
4 26 46 10
4 27 37 13
4 27 38 1 4
4 27 39 1 2 4 7 8 12 14 15 17
4 27 40 3
4 27 41 4 14 15
4 27 42 2 7
4 27 43 14
4 28 38 8
4 28 39 3 7 10 14 15 16
4 28 40 4 18
4 28 41 10
4 28 42 12 18
4 29 38 17
4 29 39 4
4 29 40 18
4 30 39 14
4 32 45 9
5 7 34 14
5 8 31 9
5 9 30 13
5 9 32 14
5 10 24 9
5 10 25 9
5 10 26 7 9
5 10 33 15
5 11 23 3
5 11 24 16
5 11 25 2 7
5 11 26 3 15
5 11 27 14
5 11 30 13
5 11 33 9
5 11 34 2 14 16 18
5 12 23 1 3 4 7 9 10 12 14 15 16 17
5 12 24 15 16
5 12 25 10 12
5 12 26 2 4
5 12 27 11 18
5 12 31 10 14
5 12 32 13
5 12 33 2 17
5 12 34 7
5 12 35 3
5 12 36 16
5 13 22 17
5 13 23 4 17
5 13 24 2 18
5 13 25 5 18
5 13 26 3 6
5 13 27 2 11
5 13 33 11
5 13 34 13 14
5 13 35 1 2 4 10 12 14 17
5 13 36 5 7
5 13 37 6
5 14 22 11 13
5 14 23 2 7
5 14 24 14
5 14 26 4 10
5 14 27 14
5 14 28 9
5 14 34 3 15
5 14 35 3 11
5 14 36 1
5 14 37 5 12
5 14 38 6
5 15 23 14
5 15 26 9 11
5 15 27 2
5 15 33 15
5 15 34 4 15
5 15 35 4 18
5 15 36 13
5 15 37 12 13
5 16 29 10
5 16 31 7
5 16 32 15
5 16 33 1
5 16 34 1 5 7 8 10 15 16 18
5 16 35 6 18
5 16 36 16
5 17 31 1
5 17 32 5
5 17 33 1 3 6 7 8 10 14 17 18
5 17 34 5
5 17 35 1 3 6 7 8 9 11 13 16 17 18
5 18 31 8 14
5 18 32 12
5 18 33 4
5 18 34 17
5 18 35 4
5 18 36 5 14
5 18 37 6
5 26 38 3
5 26 39 9 15
5 27 38 2 3 4 7 8 9 13
5 27 39 2
5 27 40 18
5 28 38 4
5 28 39 5 7 10 11 15
5 28 40 6 8
5 28 41 13
5 28 42 10
5 29 39 10
5 29 40 18
6 10 35 7
6 11 22 3
6 11 26 10
6 11 33 3
6 11 34 11
6 11 35 11
6 11 36 12 15
6 11 37 1
6 12 22 4 13
6 12 23 2
6 12 24 13
6 12 25 10
6 12 27 5 7
6 12 28 6 14
6 12 33 4 15
6 12 34 3
6 12 35 1
6 12 36 11 16
6 12 37 1 18
6 12 38 12
6 13 23 10
6 13 28 3 14
6 13 33 5
6 13 34 1 4 6 10 12 13 14 16 18
6 13 35 2 17
6 13 36 3 11
6 13 37 16
6 14 23 14
6 14 28 4 7
6 14 33 5 17
6 14 34 6
6 14 35 3
6 14 36 2 3 4 5 8 10 11 13 14 16 17
6 14 37 6
6 14 38 16
6 15 23 10
6 15 27 3 14
6 15 34 8 9
6 15 35 1 4 7 8 11 17
6 15 36 4 5 7 11 13 15
6 15 37 6 17
6 16 27 4 7
6 16 31 3
6 16 32 16
6 16 33 2 9
6 16 34 2
6 16 35 9
6 16 36 12
6 16 37 18
6 17 28 12 15
6 17 30 5 16
6 17 31 2 4 6 7 9 10 12 15 16 17
6 17 32 11 12
6 17 33 2
6 17 34 10 11
6 17 35 2
6 17 36 14
6 18 29 17 18
6 18 30 17
6 18 31 1 13
6 18 32 18
6 18 33 10 12
6 18 35 10
6 19 29 11
6 19 31 8
6 26 38 9
6 27 40 9
6 28 38 10
6 28 40 14
6 29 39 10 11
7 9 37 3
7 10 34 15
7 10 35 3
7 10 36 16
7 10 37 3 4
7 10 38 1 16
7 11 34 3 5
7 11 35 3 4 5 6 7 8 10 11 12 13 14 15 17 18
7 11 36 6 14
7 11 37 2 3 4 7 17
7 11 38 3
7 12 33 11
7 12 34 4
7 12 35 2 4
7 12 36 7 18
7 12 37 2 4 5 8 11 13 14 15
7 12 38 4 6
7 13 27 3 8 10 11
7 13 33 8 13
7 13 34 2
7 13 35 3
7 13 36 9 11
7 13 37 14
7 13 38 18
7 14 27 4 15
7 14 34 9
7 14 35 4 9
7 14 36 5
7 14 37 6 14
7 15 28 10 18
7 15 35 2
7 15 36 14
7 15 37 14
7 16 30 15
7 16 32 3
7 16 33 1
7 16 35 10 13
7 16 36 10
7 17 27 10 13
7 17 30 3 13
7 17 31 3 12 13 18
7 17 32 4 16
7 17 33 1 14
7 17 34 11 12
7 17 35 14
7 18 30 4
7 18 31 1 2 3 4 7 8 9 10 12 15 16 17
7 18 32 13
7 19 30 14 17
7 19 31 4 16
7 19 32 18
7 20 30 17
7 29 40 14
8 10 35 9
8 10 38 2
8 11 33 15
8 11 34 13
8 11 35 15 16
8 11 36 14
8 11 37 9
8 12 27 9
8 12 33 9
8 12 34 5 7 14 15 16 17 18
8 12 35 6 10
8 12 36 15 18
8 12 37 10
8 12 38 14
8 13 28 5 14
8 13 29 6
8 13 33 17
8 13 34 5
8 13 35 6 18
8 13 36 10
8 13 37 14 18
8 16 33 2 3
8 17 30 13
8 17 31 9 15
8 17 32 5 11
8 17 33 2 4 5 6 13
8 17 34 6
8 17 35 14
8 18 30 7 13
8 18 31 1 2
8 18 32 18
8 19 31 10
9 13 34 10
9 17 33 12 14
9 18 31 2
9 19 30 10
9 60 17 7
9 60 26 8
9 60 27 7
9 63 20 7 11
9 64 20 1
9 64 21 12
9 65 20 8
10 17 31 7
10 17 32 5 13
10 17 33 6 12
10 18 29 7
10 18 31 1
10 18 32 12 16
10 19 29 11
10 19 31 17
10 19 32 12
10 59 25 8 15
10 59 26 7 9
10 60 25 11
10 60 26 1 18
10 60 27 12
10 60 28 12
10 61 17 7 10
10 61 26 8 15
10 61 27 8 10
10 62 16 15
10 62 27 18
10 63 17 8 18
10 63 21 14
10 63 22 7 12
10 64 19 3 5
10 64 20 2 3 6 8 9 10 13 15
10 64 21 11
10 64 22 1
10 64 23 12
10 65 19 1 4
10 65 20 1 4
10 65 21 18
11 14 33 7
11 16 31 15
11 17 31 7 12
11 17 32 1 13 18
11 17 33 1 3
11 17 34 1
11 18 29 15
11 18 30 5
11 18 31 1 2 3 6 10 11 13 15 16
11 18 32 11
11 18 33 4
11 18 34 12
11 19 29 5 10
11 19 30 6 11 12 14 17 18
11 19 31 4 13
11 19 32 18
11 58 25 3 9
11 58 26 5 7
11 58 27 6
11 59 25 4 12
11 59 26 7
11 59 27 16
11 59 28 16
11 60 24 15
11 60 25 5 8
11 60 26 1 2 3 5 6 8 9 10 11 13 14 15 16 17
11 60 27 6 9 13 15 17
11 61 16 5 15
11 61 17 6
11 61 25 17 18
11 61 26 4
11 61 27 15 18
11 61 28 18
11 62 16 5
11 62 17 1 3 5 6 7 9 10 12 16 18
11 62 18 6
11 62 28 18
11 63 16 1 17
11 63 17 4 11
11 63 20 3 9
11 63 21 13
11 63 23 3 16
11 64 18 3 8
11 64 20 4 11
11 64 21 1
11 64 22 1 2 7 8 10 11 12 13 14 15 17
11 64 23 4
11 64 26 8
11 65 18 4 15
11 65 19 1 2
11 65 20 2
11 65 21 8
11 65 23 16 18
11 65 26 8
11 66 19 11 18
11 66 21 8
11 66 22 17
12 15 31 1
12 15 33 7 10
12 16 29 8 15
12 16 32 15
12 16 34 12
12 17 30 13 18
12 17 32 1 2
12 17 33 1 2 3 5 7 8 12 16 18
12 17 34 2 6
12 18 30 3 5
12 18 31 2 6 7 10 12
12 18 32 14 17
12 18 33 4 5 7 11 12 13 14 15 16
12 18 34 6 15
12 18 35 12
12 19 29 13
12 19 30 4
12 19 31 14
12 19 32 3 17
12 19 34 18
12 19 35 18
12 20 32 4
12 57 25 15
12 57 27 3
12 58 25 15
12 58 26 3 18
12 58 27 4 16
12 59 24 12 13
12 59 25 9
12 59 26 1 4 5 8 9 10 11 16 17 18
12 59 27 6
12 60 20 11
12 60 25 11 17
12 60 26 2 10
12 60 27 14 15
12 60 28 16
12 61 16 7
12 61 26 8 11
12 61 27 1 17
12 61 28 18
12 62 15 11
12 62 16 7 13
12 62 17 2 12
12 62 21 15 16
12 62 25 1
12 62 26 11
12 62 27 8
12 62 28 7
12 63 16 2
12 63 17 10
12 63 18 9 14
12 63 20 7 17
12 63 21 3
12 63 22 9 18
12 63 26 1 9
12 64 20 5
12 64 21 2 3 4 6 8 9 13 14
12 64 22 2
12 64 23 14
12 64 24 11
12 64 26 8 9
12 65 19 2 5
12 65 20 6 11
12 65 21 4 9
12 65 22 10
12 65 23 11 12
12 66 20 8 14
12 66 22 8
12 67 27 8
13 14 30 7
13 14 31 7
13 15 29 9 11
13 15 30 1
13 15 31 2 12
13 15 32 15 16
13 16 30 8
13 16 31 17
13 16 33 1 9 10 12 13 15 18
13 17 32 2 13
13 17 33 2
13 17 34 18
13 18 29 5
13 18 30 3 6 8 13
13 18 32 13
13 18 33 10
13 18 34 13 14
13 19 30 3 4
13 19 31 10 11
13 19 33 10
13 20 30 4
13 58 23 16
13 58 24 3 12
13 58 26 1 9
13 59 19 3 7
13 59 21 1
13 59 22 7 17
13 59 23 5 13
13 59 24 4 6
13 59 25 7 12
13 59 26 2
13 59 27 14
13 60 15 15
13 60 19 4 5
13 60 20 6 11
13 60 21 11 14
13 60 23 12
13 60 24 8
13 60 26 9 14
13 60 27 3
13 60 28 16
13 61 15 11
13 61 16 3 18
13 61 17 7 16
13 61 19 7 11
13 61 22 8 11
13 61 26 5
13 61 27 1 2 3 4 5 6 7 8 9 11 12 14 15 17
13 61 28 6 11
13 61 29 1 15
13 62 15 5
13 62 16 1 4 5 6 7 8 10 13 14 15 16 17
13 62 17 6
13 62 25 2 15
13 62 26 8
13 62 27 4 14
13 62 28 7 18
13 62 29 12
13 62 30 18
13 63 15 17
13 63 16 10
13 63 17 3 18
13 63 20 15
13 63 21 9
13 63 22 15 16
13 63 25 5 16
13 63 26 2 6 9 11 16 18
13 63 28 8 10
13 64 17 4 12
13 64 20 5 10
13 64 21 1 6 17 18
13 64 23 18
13 64 24 17
13 64 25 11 14 17
13 65 20 5 9
13 65 21 5 6 14 16
13 65 22 3 5 6 8 9 13
13 65 23 6 15
13 65 24 14
13 65 27 1
13 66 19 7
13 66 20 17
13 66 22 3 4
13 66 24 18
13 66 27 8 9
13 66 28 8
13 67 18 5 11
13 67 19 6 15
13 67 22 4
13 68 19 11
13 68 20 12 18
13 69 18 11
13 69 19 1
13 69 20 7
13 70 19 11 12
13 71 19 8
14 13 29 3
14 14 29 4 15
14 14 30 3
14 14 31 16
14 15 29 5
14 15 30 2 3 4 5 6 7 8 9 10 12 13 14 15 16 17 18
14 15 31 6 10
14 15 32 12
14 16 29 17
14 16 30 4
14 16 31 18
14 16 32 13
14 16 33 2
14 17 30 9 16
14 18 29 17
14 19 32 14
14 49 13 11
14 57 23 15
14 58 23 7 13
14 58 24 3 18
14 58 25 16
14 58 26 2
14 59 21 2 15
14 59 22 11
14 59 23 1 15
14 59 24 1 4 8 9 12 13 17
14 60 14 12
14 60 19 10 15
14 60 20 7 12
14 60 21 5 14
14 60 22 5 6 9 10 11 13 14 18
14 60 23 6
14 60 24 16 18
14 60 25 10
14 60 27 9
14 61 16 9 14
14 61 20 14 18
14 61 21 12
14 61 22 8 12
14 61 23 14 17
14 61 26 9 13
14 61 27 2
14 61 28 14
14 61 29 2 7 14 16
14 62 15 5
14 62 16 2 6
14 62 17 10
14 62 19 8 10
14 62 21 8
14 62 27 10
14 62 28 1 5 7 8 9 12 13 15 16 17
14 62 29 6
14 62 30 12
14 63 16 10 15
14 63 21 8
14 63 27 14 17
14 63 28 10
14 63 29 18
14 64 16 11 13
14 64 17 18
14 64 20 1
14 64 21 2 7
14 64 22 9 15
14 64 26 11 14
14 64 28 16
14 65 20 11
14 65 21 1
14 65 22 1 11 12
14 65 23 18
14 65 27 2 5 8 9 12 15 17
14 65 28 6 9
14 66 18 15 16
14 66 19 1 7
14 66 20 11
14 66 21 1 7
14 66 28 18
14 67 17 11 17
14 67 19 10 14 18
14 67 20 1
14 68 18 12 15
14 68 19 7 13
14 68 20 14 16
14 69 18 5
14 69 19 1 2 6 14 17 18
14 69 20 3
14 69 21 12
14 70 18 13
14 70 19 5 9
14 70 20 4 6 10 11 14
14 70 21 1 3 11 16
14 70 22 16
14 71 20 17
14 71 21 4 17
15 13 31 7 11
15 13 32 16
15 14 29 15
15 14 30 9
15 14 31 3 17
15 14 32 12
15 15 29 13
15 15 30 5 8 11 18
15 15 31 3 4 6 7 11 13 15 16
15 15 33 16
15 16 30 10 17
15 16 31 4 7
15 16 32 17 18
15 49 12 5
15 49 13 6 7
15 49 14 7 14
15 49 15 12
15 50 12 11
15 50 13 11 16
15 50 14 1 5
15 50 15 6
15 51 12 17
15 51 13 8
15 51 14 8
15 52 13 8
15 58 22 15
15 58 23 3
15 58 24 9
15 59 14 7
15 59 22 7
15 59 23 2 4 7 8 10 11 12 13 14 18
15 59 24 2
15 60 12 11
15 60 13 11 13
15 60 14 1 5
15 60 15 6
15 60 18 1 16
15 60 19 13
15 60 20 15
15 60 21 16
15 60 22 9
15 60 23 5 14
15 60 24 6
15 61 14 8
15 61 16 5 7
15 61 17 6 17
15 61 18 5
15 61 19 6 9 12 16
15 61 20 1 7 10 11 12 13 17
15 61 21 3 8 9 11 12 13 15 18
15 61 22 12
15 61 27 3
15 61 28 7 9
15 62 18 5 17
15 62 19 6 15
15 62 20 3 7
15 62 21 4 9
15 62 22 18
15 62 27 4 13
15 62 28 2 8
15 62 29 10 13
15 63 16 8 15
15 63 20 4 18
15 63 21 3
15 63 28 10
15 63 29 1
15 64 17 14 18
15 64 20 2 15
15 64 21 3 4
15 64 22 11 16
15 64 27 5 9 11 12 14
15 64 28 6
15 64 29 12
15 65 19 15
15 65 20 15
15 65 21 2 3 4 7 8 10 11 13 14 15 16 17 18
15 65 22 2
15 65 23 14
15 65 26 7 13
15 65 28 8
15 66 19 1 2
15 66 20 17 18
15 66 21 2 4 7 8 11 14 16 18
15 66 22 18
15 66 27 8
15 67 18 5 14
15 67 19 6 10
15 67 20 2 17
15 67 21 10
15 68 17 13
15 68 18 15
15 68 19 15
15 68 20 3
15 68 21 7
15 69 18 5 7
15 69 19 2 6 8 10 12 15 18
15 69 20 4 5 7 8 11 13 16 18
15 69 21 6 7
15 69 22 11 16
15 70 18 5
15 70 19 6 17
15 70 20 5 18
15 70 21 2 6 12 14 17
15 70 22 14 15
15 71 18 11
15 71 19 1
15 71 20 11
15 71 23 18
15 72 19 8
15 72 27 8
16 13 30 15
16 13 31 3 11
16 13 32 14
16 14 30 9
16 14 31 3 4 5 7 8 10 11 12 13 18
16 14 32 6
16 15 30 1 7
16 15 31 4 14
16 15 32 14
16 16 29 1
16 16 31 10
16 17 31 10
16 47 13 7
16 47 14 7 8
16 47 15 7 12
16 47 17 7 8
16 48 12 11
16 48 13 11
16 48 14 1
16 48 15 8 11 12 15
16 48 16 16
16 48 17 16
16 48 18 7 12
16 49 12 5
16 49 13 6 15
16 49 14 3 13
16 49 15 16 17
16 49 16 17 18
16 49 17 8
16 50 12 5
16 50 13 5 6 7 8 9 10 12 14 16
16 50 14 1 2 3 4 5 6 7 9 10 12 14 16 17 18
16 50 15 6
16 51 12 3 17
16 51 13 9 17
16 51 14 4
16 51 15 7
16 52 12 4
16 52 16 8
16 52 18 12
16 57 17 7
16 57 19 1
16 58 13 7
16 58 23 8 9
16 59 13 15
16 59 14 3 5
16 59 15 6
16 59 18 11
16 59 19 8
16 59 22 13
16 59 23 5
16 59 24 6 14
16 60 13 5 14
16 60 14 1 2 3 4 5 6 7 8 9 10 12 14 15 16 18
16 60 15 6 8
16 60 18 1 2
16 60 20 3 12
16 60 21 9
16 60 22 10 16
16 60 23 1 10
16 61 12 5
16 61 13 6 17
16 61 14 4 7
16 61 15 18
16 61 16 12
16 61 18 13
16 61 19 13 16
16 61 20 2 4 13
16 61 21 1 3 7 8 11 12 13 14 17
16 61 22 3 14
16 61 28 9
16 62 16 9 10
16 62 18 17
16 62 20 1 10
16 62 21 4 16
16 62 22 4
16 62 28 10
16 63 20 10 17
16 63 27 15
16 63 28 1 3
16 63 29 2 16
16 64 21 5 9
16 64 22 6
16 64 23 14
16 64 26 8 13
16 64 27 5 12
16 64 28 1 4 5 6 7 9 11 12 13 14 15 16 17 18
16 64 29 6 7
16 65 19 11 15
16 65 20 3 16
16 65 21 9 11
16 65 22 14
16 65 27 9 17
16 65 28 1 12
16 65 29 18
16 65 31 12
16 66 18 11
16 66 19 2 17
16 66 20 4 18
16 66 21 10 12
16 66 22 14
16 66 26 10
16 66 28 8
16 66 29 1
16 67 17 11
16 67 18 5
16 67 19 6 8
16 67 20 8
16 67 21 10
16 67 29 8
16 68 19 9 12
16 68 20 5 9
16 68 21 6
16 69 18 11 13
16 69 19 7 15
16 69 20 3 16
16 69 21 10 14
16 69 23 14
16 70 18 10
16 70 19 17
16 70 20 4 10 13 15 16 18
16 70 21 10
16 70 26 7
16 71 19 1 2 5 7 9 14 17
16 71 20 6
16 71 21 14 18
16 71 25 5
16 71 26 1 6
16 71 27 9 12
16 72 26 8
17 13 31 9
17 13 32 14
17 14 30 13
17 14 32 14
17 15 30 2 5
17 15 31 6 10
17 16 29 2 3
17 16 30 10 16
17 17 29 4 8 17
17 46 14 9
17 46 15 16
17 46 17 9
17 47 13 15
17 47 14 12 13 17
17 47 15 9
17 47 16 16
17 47 17 5
17 47 18 6 16
17 48 12 5 12
17 48 13 5 6 7 10 11 12 14
17 48 14 2 6 8 10 12 13 14 16 18
17 48 15 8 10 15 16 17
17 48 16 14
17 48 17 8 9 10 13 17
17 49 13 9 17
17 49 14 7 17
17 49 15 3
17 49 16 5 18
17 49 17 6
17 49 18 10 11
17 50 12 13
17 50 13 13
17 50 14 2 12
17 50 15 4 7
17 50 16 15
17 51 13 10
17 51 14 10 11
17 51 15 1
17 51 16 9 12
17 51 17 7 18
17 52 15 8 10
17 52 16 3 11
17 52 17 1 13
17 52 18 12
17 53 16 4
17 53 17 8
17 56 15 1
17 56 16 7 8
17 56 17 7
17 56 20 8
17 57 15 11
17 57 16 1
17 57 17 12
17 57 18 1
17 57 19 2 3
17 57 20 16
17 57 23 9
17 58 12 3 15
17 58 16 3 8
17 58 17 10 11
17 58 18 1
17 58 19 3 4 5 8 9 12 15 17
17 58 20 6
17 59 12 4
17 59 13 10 15 18
17 59 14 9
17 59 15 1 9
17 59 16 4 16
17 59 18 8
17 59 19 4 14
17 59 20 3 18
17 60 13 7 13
17 60 14 1 2 8 15 16 18
17 60 15 8 17
17 60 18 2 16
17 60 19 12 13
17 60 20 4
17 60 21 9 12
17 60 23 2
17 61 13 3 17
17 61 14 10
17 61 15 13 18
17 61 17 12 17
17 61 20 7 13
17 61 21 2
17 61 22 14
17 62 13 4
17 62 14 10
17 62 20 2
17 62 21 10
17 63 26 9
17 63 28 2
17 64 26 13
17 64 27 7 13
17 64 28 1 2
17 64 29 14
17 65 18 15
17 65 19 3 15
17 65 20 12 14
17 65 21 16
17 65 22 14
17 65 27 7 13
17 65 28 1 2 3 7 9 10 11 15 16
17 65 29 10
17 65 30 13 16
17 66 18 5
17 66 19 1 3 4 6 7 8 9 11 12 14 15 16 18
17 66 20 7 8 9 11 13 15 17 18
17 66 21 12
17 66 26 11
17 66 27 17
17 66 28 4
17 66 29 1 2 3 9 11 17 18
17 67 18 14 17
17 67 19 4 12
17 67 20 18
17 67 21 18
17 67 23 15
17 67 27 8
17 67 28 7
17 67 29 4
17 68 18 13
17 68 20 8
17 68 24 7 18
17 68 25 16
17 68 29 8
17 69 19 14
17 69 20 7
17 69 23 11
17 69 24 1 17
17 69 25 12
17 70 19 10 11
17 70 20 1 12
17 70 21 12
17 70 24 3 8
17 70 25 12 15
17 70 26 3
17 70 27 16
17 71 19 2
17 71 20 3 8
17 71 24 4
17 71 25 3 5
17 71 26 1 2 3 4 5 6 7 8 9 10 11 12 13 15 17 18
17 71 27 6
17 72 19 10
17 72 20 4
17 72 25 4
17 72 26 4
17 72 27 3 18
17 73 27 4
18 16 29 9 12
18 46 14 11
18 46 16 7
18 46 18 12
18 47 11 15
18 47 12 15
18 47 13 11 13
18 47 14 9
18 47 15 9
18 47 16 3
18 47 17 9 16
18 48 11 13
18 48 12 13 18
18 48 13 13 18
18 48 14 11 14
18 48 15 5 16
18 48 16 4 5 6 8 17
18 48 17 6 15
18 49 13 10
18 49 14 11 17
18 49 15 1
18 49 16 3 12
18 49 17 11
18 49 18 18
18 49 19 1 14
18 50 13 13
18 50 14 3 10
18 50 15 7 16
18 50 16 4 5
18 50 17 6 16
18 50 18 3
18 50 19 5 8
18 50 20 6 11
18 51 13 8 15
18 51 14 4 17
18 51 15 2 3 8 9 10 11 12 13 14 15
18 51 16 12 17
18 51 17 3
18 51 18 4 16
18 52 14 11 18
18 52 15 4
18 52 16 18
18 52 17 1 2 3 4 5 7 9 10 11 13 14 15 16 17
18 52 18 6 8
18 52 19 16
18 52 20 12
18 53 16 7 17
18 53 17 3 4 12 15 16
18 53 18 17 18
18 53 19 12
18 54 16 17
18 54 17 4
18 54 18 16 18
18 54 19 7
18 54 20 7 16
18 54 21 1
18 55 16 9
18 55 17 17
18 55 18 1
18 55 19 12 17
18 55 20 1 9
18 55 21 12
18 56 15 2 15
18 56 16 11
18 56 17 16
18 56 18 8
18 56 20 8
18 57 14 11
18 57 15 5 8
18 57 16 1 2 3 6 8 9 10 12 13 14 17 18
18 57 17 10 15
18 57 18 1 2
18 57 19 9
18 57 21 1
18 58 14 8
18 58 15 7 16
18 58 16 4
18 58 17 5 8
18 58 18 1 2 3 5 6 7 8 9 11 12 13 14 15 16 18
18 58 19 6
18 59 13 11
18 59 14 9 17
18 59 15 2 9
18 59 16 1
18 59 17 16 17
18 59 18 4
18 59 19 7 18
18 60 13 5
18 60 14 1 2 3 6 8 15
18 60 15 3
18 60 16 17
18 60 17 12
18 60 18 12 13
18 60 20 13
18 61 13 10
18 61 14 4 16
18 61 15 4 18
18 61 16 8 13
18 62 13 17
18 62 20 10
18 64 28 2
18 64 29 7
18 65 19 9 13
18 65 20 9
18 65 26 15
18 65 27 10
18 65 28 2
18 65 29 11 14
18 66 18 13
18 66 19 2
18 66 20 13 14
18 66 21 14
18 66 26 5
18 66 27 1 3 6 8 9 10 12 14 18
18 66 28 1 10
18 66 29 2 15
18 66 30 14
18 67 18 13
18 67 19 1 10
18 67 20 8 9 10 15 16
18 67 27 4 11
18 67 29 8 9
18 67 30 18
18 68 18 5
18 68 19 6 17
18 68 21 18
18 68 22 5
18 68 23 6 15
18 68 24 3
18 68 25 16
18 68 28 10 11
18 68 29 3
18 68 30 12
18 69 19 15
18 69 20 3 8
18 69 21 16
18 69 22 15
18 69 23 5
18 69 24 1 2 4 5 6 9 10 11 12 13 14 15 16 17 18
18 69 25 6
18 69 27 16
18 69 29 4 8
18 70 19 13
18 70 20 1 2 3 4 5 7 8 9 10 11 13 14 15 16 17 18
18 70 21 6
18 70 22 12
18 70 23 17 18
18 70 24 12 13
18 70 25 16 18
18 70 26 9 17
18 70 30 8 11
18 71 19 17
18 71 20 4 16
18 71 21 18
18 71 23 8 12
18 71 24 11 17
18 71 25 12 13
18 71 26 2
18 71 27 14
18 72 19 17
18 72 22 8 15
18 72 26 10
18 73 22 11 16
18 73 23 1 18
18 73 24 12
18 74 21 17
18 75 24 1
18 75 25 8
19 15 29 7
19 16 28 7 13
19 16 30 12
19 17 27 11
19 17 28 12
19 17 29 12
19 18 28 8
19 46 15 7 14
19 46 17 13 16
19 46 18 16
19 47 14 11 14
19 47 15 5
19 47 16 5 6 8 9 10 17
19 47 17 6 17
19 48 12 1
19 48 13 11
19 48 14 1
19 48 15 12 14
19 48 16 16
19 48 17 1
19 49 14 8 16
19 49 15 2 13 14 17
19 49 16 3 11
19 49 17 1
19 49 18 12 14
19 49 19 2 9
19 50 13 9 17
19 50 14 11 15
19 50 15 9 12
19 50 16 4
19 50 17 3 8
19 50 20 5 12
19 50 21 6 14
19 51 11 11
19 51 14 13
19 51 15 10 11 13 15 18
19 51 16 14
19 51 17 4
19 51 18 9
19 51 19 7
19 52 13 7
19 52 14 1
19 52 15 12 14
19 52 16 18
19 52 17 2 7
19 52 18 11 14
19 52 19 1 13
19 52 20 12
19 53 12 1
19 53 14 12
19 53 16 13
19 53 17 10
19 53 18 7 12 13 15 16
19 53 19 8
19 53 21 12
19 54 13 1
19 54 16 10
19 54 17 7 17
19 54 18 3 8
19 54 19 18
19 54 20 3
19 54 21 2 16
19 55 16 15
19 55 17 5 8
19 55 18 2 4 5 6 7 9 11 13
19 55 19 6 10
19 55 20 1 2 3 4 9 10 11 13 15 17
19 55 21 12
19 56 15 9
19 56 16 9
19 56 17 1 14 15 18
19 56 18 5 8
19 56 19 6 7
19 56 20 1 3 4 15
19 56 21 18
19 57 13 15
19 57 14 9 11
19 57 15 13 14
19 57 16 2 8
19 57 17 9 12
19 57 18 2 9 12 18
19 57 20 4
19 57 21 2 3 12 18
19 58 14 11 18
19 58 15 8 15
19 58 16 1 8
19 58 17 13
19 58 18 2
19 58 19 7 14
19 58 21 4 11
19 59 14 9 14
19 59 15 8 10
19 59 16 2 5 11 15 18
19 59 17 6 15
19 59 18 5 10
19 59 19 6
19 60 14 2 7
19 60 15 8
19 60 16 3 7 8 9 11 13 15 16
19 60 17 13 18
19 60 18 18
19 60 19 10
19 61 15 7 17
19 61 16 4
19 61 17 7 18
19 64 29 3
19 65 27 9
19 65 28 15 16
19 65 29 1 4 7 8 10
19 65 30 14
19 66 20 9 12
19 66 26 13
19 66 27 2 17
19 66 28 2
19 66 29 5 7 9 12 18
19 66 30 6 8
19 67 19 2
19 67 22 1
19 67 27 7 11
19 67 28 14
19 67 29 7 8
19 67 30 8 16
19 68 20 9
19 68 24 16
19 68 28 11 12
19 68 29 9 13 14 15 16 17
19 68 30 16
19 69 18 11 15
19 69 20 9
19 69 23 13 17
19 69 24 2
19 69 25 14 16
19 69 28 17
19 69 29 8 17
19 69 30 9 18
19 70 19 15 18
19 70 20 2 11
19 70 21 13 14
19 70 23 9 13
19 70 24 3 17
19 70 31 11 14
19 71 20 10 18
19 71 22 9 13
19 71 24 4 13
19 71 25 8 14
19 73 23 2 11 13 14
19 73 24 15
19 73 25 3 7
19 74 23 11
19 74 24 1 16
19 74 25 4 5 7 9 12 18
19 74 26 6 11
19 75 23 17
19 75 24 2 8
20 15 29 12 16
20 15 30 16
20 15 40 11
20 15 41 7
20 16 27 15
20 16 28 5 17
20 16 29 6 10 13 16 17
20 17 27 5 13
20 17 28 1 3 5 6 7 9 10 12 13 14 15 16 17 18
20 17 29 6
20 18 27 17
20 18 28 4
20 18 29 1 18
20 18 41 8
20 19 41 8
20 20 39 11
20 46 12 15
20 46 16 9 12
20 47 13 5 7 18
20 47 14 6
20 47 15 3 10 14
20 48 12 2 11
20 48 13 1
20 48 14 2 9 11 13 14
20 48 15 4 16
20 48 16 15
20 48 17 2 3 8
20 48 18 15 16
20 49 11 11
20 49 13 8
20 49 14 1 17
20 49 15 5 16
20 49 16 5 6
20 49 17 2 3 4 5 6 8 9 12 13 14 15 17 18
20 49 18 1 6
20 49 19 18
20 50 10 11
20 50 12 7
20 50 14 13 17
20 50 15 14
20 50 16 5
20 50 17 4 6
20 50 18 12 18
20 50 19 11 13
20 51 12 1 14
20 51 13 12 15
20 51 14 5
20 51 15 6 16
20 51 16 11 14
20 51 18 15 16
20 51 19 7
20 51 20 12
20 52 12 8 11
20 52 13 3 7
20 52 14 2 3 5 7 11 13 16 17 18
20 52 15 6 11
20 52 17 17
20 52 18 11
20 52 19 2 3 5 7 8 9 10 13 14 15 18
20 52 20 6
20 53 12 2 5
20 53 13 3 4 6 10 13 16 17
20 53 14 4
20 53 17 10 13
20 53 18 3 9
20 53 19 4
20 53 20 13 18
20 53 28 11
20 54 12 17
20 54 13 2 4
20 54 17 9
20 54 18 4 5 8 10
20 54 19 6 7
20 54 20 3 12
20 54 21 16
20 55 17 10
20 55 18 9 16
20 55 19 3 14
20 55 20 1 2 4 8 11 13 15 17
20 55 21 14
20 56 14 5 15
20 56 15 6
20 56 16 3 9
20 56 17 2 17
20 56 18 1 10
20 56 19 4
20 56 20 1 2 7 11 12 15 16
20 56 21 5 18
20 56 22 6
20 57 14 15
20 57 15 3 8 9 12 14 18
20 57 16 1 4 9 13
20 57 17 13
20 57 19 10 17
20 57 20 13
20 57 21 18
20 58 14 5
20 58 15 1 3 4 6 8 9 14 18
20 58 16 2
20 58 22 14
20 59 14 5
20 59 15 3 4 6 7 9 11 15 16
20 59 16 9 12
20 59 17 14
20 59 19 10
20 60 14 17
20 60 15 4
20 60 16 16 18
20 60 17 14 15
20 61 14 10
20 61 15 17
20 61 16 1 10
20 61 17 8
20 61 18 18
20 62 15 10
20 62 17 10
20 63 26 7
20 64 27 7
20 64 29 9
20 65 20 3
20 65 26 11
20 65 27 15
20 65 28 3 16
20 65 29 2 15
20 65 30 9
20 66 19 13
20 66 20 4 7
20 66 21 7
20 66 27 17
20 66 28 1 4 7 8 11 13 16 18
20 66 29 9 10
20 66 30 9 18
20 67 19 8 11
20 67 20 11
20 67 21 1 11
20 67 22 2 12
20 67 23 5
20 67 24 6 7
20 67 27 17
20 67 28 12 14
20 67 29 10
20 67 30 16
20 68 20 8
20 68 21 8
20 68 23 11
20 68 24 8
20 68 25 3
20 68 27 10 13
20 68 28 5 11
20 68 29 3 5 6 7 8 9 10 12 14 15 16 17
20 68 30 6
20 69 19 1 14
20 69 24 5
20 69 25 3 4 6 15
20 69 27 12 16
20 69 28 17
20 69 29 4 16
20 69 30 18
20 70 21 14
20 70 25 4 9
20 70 26 17 18
20 70 28 17
20 70 32 7 14
20 73 23 15
20 73 24 3 14
20 73 25 15 16
20 74 23 5
20 74 24 1 2 3 4 6 7 9 12 13 14 16 17 18
20 74 25 10
20 74 26 18
20 74 27 14
20 75 23 17
20 75 24 4
20 75 25 10 11
20 75 27 7
20 77 27 1
21 14 28 1
21 15 28 13 15
21 15 29 3 7
21 15 40 7
21 15 41 7 14
21 15 42 3
21 16 28 16
21 16 29 4 18
21 16 32 12
21 16 40 11
21 16 41 1 10
21 16 42 4 12
21 17 27 13 17
21 17 28 2 12
21 17 29 16
21 17 41 8 9
21 18 28 10 17
21 18 29 2
21 18 39 15
21 18 40 11 16
21 18 41 1 9
21 18 42 12 16
21 19 39 17
21 19 40 1 18
21 19 41 17
21 20 40 8 14
21 46 15 13
21 47 11 3
21 47 12 3 15
21 47 13 3
21 47 14 7 16
21 47 17 9 12
21 48 10 5
21 48 11 3 4 6 7 8
21 48 12 4
21 48 13 1 2 3 4 5 7 9 10 12 14 16 17 18
21 48 14 6
21 48 15 14
21 48 17 5 9
21 48 18 6
21 49 10 11
21 49 11 4
21 49 12 14 17
21 49 13 4
21 49 14 2 16
21 49 16 7 13
21 49 18 2
21 50 10 1
21 50 11 8 14
21 50 12 3 15
21 50 13 16 17
21 50 17 13
21 50 20 14 16
21 51 11 15
21 51 12 2 3 4 9 10 11 13 17
21 51 13 18
21 51 17 14
21 51 18 15
21 51 19 3 9 11 13 17
21 51 29 7
21 52 12 4 18
21 52 13 14
21 52 15 14
21 52 16 14
21 52 18 5 16
21 52 19 1 4 5 6 7 10 14 18
21 52 20 6
21 52 28 7
21 53 13 10
21 53 14 10 16
21 53 17 17
21 53 18 7 9
21 53 19 10 16
21 53 27 11
21 53 28 1 15
21 53 29 12 14
21 54 13 17
21 54 14 3
21 54 18 17
21 54 19 13
21 54 20 5 9
21 54 21 6
21 54 23 7
21 54 28 8
21 54 29 18
21 54 31 8
21 55 14 4 15
21 55 16 16
21 55 19 10
21 55 20 2
21 55 21 12 14
21 55 22 16
21 55 23 1 12
21 55 24 16
21 55 26 12 16
21 55 29 1
21 56 14 5
21 56 15 1 6 9 11 17 18
21 56 18 2
21 56 19 13
21 56 20 2 7
21 56 21 14 17
21 56 23 8 17
21 56 24 3 7
21 56 25 1 17
21 57 14 13
21 57 15 9 16
21 57 16 2
21 57 20 10 16
21 57 24 4
21 58 14 17
21 58 15 2
21 58 16 15 16
21 58 19 17
21 58 23 7
21 58 24 1
21 58 25 1 12
21 59 15 13 17
21 59 16 14
21 59 17 7 18
21 60 15 5 10
21 60 16 6
21 60 17 7 9
21 60 19 16
21 61 16 2
21 61 17 1
21 61 18 12 17
21 63 39 12
21 64 26 10 15
21 64 27 3
21 64 28 7 16
21 65 26 5
21 65 27 1 3 4 6 7 8 10 12 14 16 17 18
21 65 28 9 16
21 65 29 16
21 66 19 9
21 66 20 11
21 66 21 5
21 66 22 6 7
21 66 23 12
21 66 24 7
21 66 26 15 17
21 66 27 4 17
21 66 28 2 17
21 66 29 14
21 67 18 11
21 67 19 11
21 67 20 3 5 7 8 9 10 12 14 16
21 67 21 1 2 3 6 8 9 10 11 12 13 14
21 67 22 14 15
21 67 23 15
21 67 24 3 9
21 67 25 5 16
21 67 26 6
21 67 27 13 18
21 67 28 10
21 67 29 9 15
21 68 19 1 17
21 68 20 4 16
21 68 21 3 4
21 68 22 8
21 68 23 5 18
21 68 24 1 3 4 5 6 8 10 11 14 15 16 17 18
21 68 25 6
21 68 28 13
21 68 29 14
21 68 30 18
21 69 19 2 17
21 69 21 4
21 69 23 17
21 69 24 4 15
21 69 25 18
21 69 26 1 13
21 69 29 7 10
21 70 25 18
21 70 32 12
21 71 29 12
21 71 32 8 10
21 71 34 12
21 72 33 1 15
21 73 24 15
21 73 26 7
21 73 33 8
21 73 34 18
21 74 23 13
21 74 24 2
21 74 25 11 18
21 74 26 1
21 74 27 1 3
21 74 29 12
21 75 23 5
21 75 24 6 10
21 75 25 15
21 75 26 8 14
21 75 27 1 4
21 75 28 1
21 76 26 11 18
21 76 27 1 10
21 76 28 3 12
21 77 27 2 8
21 77 28 4
22 13 30 7 12
22 14 27 15
22 14 28 2 15
22 14 29 3
22 14 30 1
22 14 31 12
22 14 41 16
22 15 28 5 18
22 15 29 3 4 5 6 8 11 18
22 15 30 6
22 15 40 15 17
22 15 41 5
22 15 42 6 16
22 16 29 4 5 10 11 16
22 16 30 6
22 16 31 1 12 13
22 16 40 5 10
22 16 41 2 6 7 8 9 10 13 14 16 17 18
22 16 42 12
22 17 27 13
22 17 28 17
22 17 30 8
22 17 40 15 17
22 17 41 1 5
22 17 42 6
22 18 39 15 16
22 18 40 5 12
22 18 41 2 5 6 7 13 14 18
22 18 42 6
22 19 38 17
22 19 39 1 5
22 19 40 2 3 6 7 9 11 15 18
22 19 41 11 16
22 19 42 1 8
22 20 39 11
22 20 40 4 17
22 20 41 18
22 47 11 7 9
22 47 13 16
22 47 16 11 13
22 48 10 15
22 48 11 3
22 48 12 13 17
22 48 13 2 12
22 48 14 10 15
22 49 10 5
22 49 11 1 4 5 6 7 9 10 12 14 15 16 18
22 49 12 6
22 49 13 10 16
22 49 15 11 18
22 50 9 5
22 50 10 2 5 6 12 15 17
22 50 11 6 15
22 50 12 17 18
22 50 16 10
22 51 10 5
22 51 11 6 18
22 51 12 18
22 51 13 8 14
22 51 20 14
22 51 27 15
22 52 19 2 16
22 52 27 15
22 52 28 3 18
22 52 29 10 16
22 53 18 17
22 53 19 10
22 53 27 5
22 53 28 2 4 5 6 9 10 11 12 13 14 17 18
22 53 29 6 7
22 53 30 1
22 53 31 9 12
22 54 18 10
22 54 22 15
22 54 23 3
22 54 26 7
22 54 27 12
22 54 28 11
22 54 29 1 16
22 54 30 8
22 54 31 12
22 55 20 13
22 55 21 11
22 55 22 13
22 55 23 1 2 3 4 5 9 10 12 15 18
22 55 24 6 15
22 55 25 7 13
22 55 26 1
22 55 28 17
22 55 29 2 8
22 56 15 2
22 56 16 14
22 56 23 4 16
22 56 24 16 18
22 56 25 2 18
22 56 28 8
22 57 20 10
22 57 22 17
22 57 23 15 17
22 57 24 3 5 10
22 57 25 6
22 57 26 12
22 58 24 2 3 4 12 13 18
22 58 25 2 7
22 59 23 8 10
22 59 24 4
22 60 16 15
22 60 17 3 10
22 60 20 1
22 61 17 2 3 4 5 8 10 13 15 16 18
22 61 18 5 6
22 61 19 6
22 62 16 17
22 62 17 4
22 62 18 11 18
22 62 22 1
22 62 23 11
22 62 39 7
22 63 21 8
22 63 31 12
22 63 38 11 13
22 64 27 9
22 65 21 16
22 65 26 7 13
22 65 27 2 8
22 65 28 10
22 65 37 11
22 66 20 9 17
22 66 21 9 14
22 66 22 3 13
22 66 23 11 15
22 66 24 15
22 66 25 15 16
22 66 27 1 10
22 67 19 13 14
22 67 20 13 14
22 67 21 2 3
22 67 22 1 3 4 8 9 10 12 14
22 67 23 5
22 67 24 1 5 6 7 9 10 11 12 17 18
22 67 25 6 18
22 67 26 18
22 68 19 2
22 68 20 10
22 68 21 4
22 68 22 4
22 68 23 5
22 68 24 2 3 6 15
22 68 25 7 14
22 68 26 16
22 68 31 12
22 69 24 4
22 69 25 17 18
22 69 26 2 16
22 69 31 1
22 69 32 7
22 69 33 12 15
22 70 25 8 17
22 70 29 10
22 70 31 11 13
22 70 32 7 9
22 70 33 12
22 70 34 1 18
22 71 28 7 13
22 71 29 1
22 71 32 15
22 71 33 3 13
22 72 27 11
22 72 28 7 8
22 72 29 12
22 72 32 5 11
22 72 33 2 4 5 6 7 8 9 16 18
22 72 34 6
22 73 25 15 16
22 73 26 1 3
22 73 27 16
22 73 28 8
22 73 32 17
22 74 24 17
22 74 25 5
22 74 26 1 2 4 5 6 9 10 12 14 16 17 18
22 74 27 2 6
22 74 28 13 16
22 74 29 12
22 75 25 17
22 75 26 15
22 75 27 2 11 16 17
22 75 28 2 8
22 75 29 12
22 76 26 5 17
22 76 27 1 2 3 5 6 9 13 14 15 16 18
22 76 28 6
22 77 26 3 17
22 77 27 4
22 77 28 18
22 78 26 4
23 13 27 15
23 13 29 13
23 13 30 3
23 13 31 16
23 14 28 15 18
23 14 29 9
23 14 30 1 2 4 5 8 10 11 13 15 16 17
23 14 31 6
23 15 28 5 7
23 15 29 1 6 7 8 11 12 15 16 17 18
23 15 30 14
23 15 31 11 18
23 15 40 5
23 15 41 6 9
23 16 28 12 17
23 16 29 5 15
23 16 30 6 9 13 14 18
23 16 31 2
23 16 40 7
23 16 41 3 13
23 16 42 16
23 17 28 1
23 17 29 7 8
23 17 30 18
23 17 39 11
23 17 40 12
23 17 41 2 4 8 10 16 17
23 17 42 1
23 18 39 13
23 18 40 11 17
23 18 41 11 12
23 18 42 1 9
23 19 39 2
23 19 40 5
23 19 41 6 10 14
23 19 42 2 14
23 20 29 11
23 20 40 10 14
23 21 39 11
23 21 40 1 15
23 21 42 7
23 22 40 8
23 22 41 18
23 22 42 1
23 23 40 11
23 23 41 1
23 23 42 7 12
23 24 41 8
23 46 15 5
23 46 16 3 6 7 8
23 46 17 16
23 47 16 4 17
23 47 17 8 14
23 48 10 15
23 48 11 10
23 48 12 13
23 49 10 13
23 49 11 1 2 7 8 12 16 18
23 49 12 3 12
23 49 16 1 14
23 50 9 13
23 50 10 3 17
23 50 11 10
23 50 12 4 8
23 50 13 9
23 51 10 4
23 52 28 15
23 52 29 16
23 52 30 1 16
23 52 31 16
23 53 25 7 8
23 53 26 16
23 53 27 13
23 53 28 15 17
23 53 29 8 14 17 18
23 53 30 2 5 9 13 16 17
23 53 31 6
23 54 23 5
23 54 24 6 11
23 54 25 15 17
23 54 26 12 13
23 54 28 11
23 54 29 1 2 9 10 14 15 16 17 18
23 54 30 12 13
23 55 22 13 14
23 55 23 2 5
23 55 24 6
23 55 25 7
23 55 26 2 3 7 8 10 15 18
23 55 27 3
23 55 28 7 9 17
23 55 29 8
23 55 30 18
23 56 24 11
23 56 25 5 10
23 56 26 4 6
23 56 27 4 18
23 57 22 8 15
23 57 23 3 12
23 57 24 16
23 57 25 7 13
23 57 27 16
23 58 22 5 15
23 58 23 4 5 6 9 12 13 17 18
23 58 24 6
23 58 25 1
23 58 26 12 17
23 58 35 7
23 59 21 7
23 59 23 18
23 59 25 10 12
23 60 16 5
23 60 17 6 9
23 60 20 2 3
23 60 21 1
23 60 22 1
23 61 20 3 4 7 16
23 61 21 8
23 61 22 3
23 61 23 7
23 61 24 12
23 61 32 7
23 62 19 14 17
23 62 20 4 11
23 62 21 5 9
23 62 22 2 4 6 11 16
23 62 23 11
23 62 24 12 14
23 62 32 1 15
23 62 38 15
23 63 21 17
23 63 23 3 8
23 63 29 11
23 63 30 11 13
23 63 31 1
23 63 32 1
23 63 33 18
23 63 39 7 8 10 14 18
23 64 23 4
23 64 27 9
23 64 38 7 8
23 64 39 1 12
23 64 40 12
23 65 36 5
23 65 37 6 11
23 65 38 1 14
23 65 39 8
23 66 22 9
23 66 24 14
23 66 26 10
23 66 27 2
23 66 30 7 16
23 66 31 7
23 66 37 3
23 66 38 15
23 66 40 1
23 67 21 1 13
23 67 22 2
23 67 23 13
23 67 24 2 7
23 67 25 14
23 67 29 12 17
23 67 30 16
23 67 31 7
23 67 33 16
23 67 37 4 11
23 67 38 1
23 67 39 12 18
23 68 24 10
23 68 29 11 17
23 68 30 1 13
23 68 31 7
23 68 32 1 12 17
23 68 33 3 16
23 68 38 1
23 69 25 9 10
23 69 31 2 15
23 69 32 13 17
23 69 33 4 16
23 69 35 7
23 69 40 1
23 70 28 7
23 70 29 7
23 70 31 11 16
23 70 32 1 10 11 13 14 17 18
23 70 34 2 16
23 71 27 11 16
23 71 28 1 9
23 71 29 1 2
23 71 30 17
23 71 32 3 10
23 71 33 9 17
23 71 35 11
23 72 26 17
23 72 27 8
23 72 28 3 7 9 10 13 14 15 16
23 72 29 8 11
23 72 32 4 11
23 72 33 12 14
23 72 35 12
23 72 36 12
23 73 26 2
23 73 27 17
23 73 28 4 10
23 73 29 18
23 73 33 10
23 74 25 13
23 74 26 2
23 74 27 5 11
23 74 28 5 6 7 9 11 13 15 16
23 74 29 6 7
23 75 26 5 16
23 75 27 6 7 8 15 17
23 75 28 7 12 13 14 15
23 75 29 18
23 76 25 5 17
23 76 26 5 6
23 76 27 2 3 6 7
23 76 28 18
23 76 29 18
23 77 27 4 12
24 13 30 9
24 14 29 9
24 14 30 2 7
24 14 31 5 14
24 14 32 6
24 15 28 13
24 15 29 2 8
24 15 30 14
24 15 32 14
24 15 38 15
24 15 39 15
24 16 27 13
24 16 28 10
24 16 29 1 3 5 8 9 10 11 12 16
24 16 30 6
24 16 39 15 18
24 16 40 3 18
24 16 41 9
24 17 28 2 17
24 17 29 4 11
24 17 30 7
24 17 39 5 13
24 17 40 4 5 6 8 10 12 14 15 18
24 17 41 6 7
24 17 42 2 16
24 18 29 8 10
24 18 30 7
24 18 31 5 12
24 18 32 6
24 18 38 12 15
24 18 40 13 15
24 18 41 7 8 14 15 17 18
24 18 42 2 14
24 19 29 1
24 19 30 1
24 19 31 1
24 19 39 8 18
24 19 40 8 15
24 19 41 3 18
24 19 42 8 18
24 20 30 8 14
24 20 40 15
24 20 41 4 18
24 21 39 5 8
24 21 40 1 2 5 6 7 8 9 11 14 16
24 21 41 6 18
24 21 42 3 7
24 22 39 16 17
24 22 41 5
24 22 42 2 3 4 6 8 10 16
24 23 38 17
24 23 40 5
24 23 41 1 2 6 7 9 11 12 13 14 17
24 23 42 4 16
24 24 41 17
24 24 42 10
24 26 41 1
24 45 14 15
24 45 16 5 9
24 45 17 6
24 46 15 15 18
24 46 16 3
24 46 17 9 16
24 47 13 3
24 47 14 16
24 47 15 12
24 47 16 3 4 10 11 17 18
24 48 10 15
24 48 11 9 11
24 48 12 12
24 48 13 3 4 7 8 17
24 48 14 12 15
24 48 15 12 16
24 48 16 1 4 12
24 48 17 15 16
24 49 10 13
24 49 11 1 2 8 12 13 15 16 18
24 49 12 1 7 9
24 49 13 4 5
24 49 14 6 17
24 49 15 8 18
24 49 16 2 17
24 49 18 12 18
24 50 10 11 17
24 50 11 10 16
24 50 12 18
24 50 13 8
24 50 19 12
24 51 10 17
24 52 25 9
24 52 29 9
24 52 30 2
24 53 24 15
24 53 26 8 16
24 53 28 5 7
24 53 29 6
24 53 30 16
24 54 23 8
24 54 24 5 12
24 54 25 1 6 10 12 13 14 17 18
24 54 26 9
24 54 27 8 11 12
24 54 28 11
24 54 29 2 3 5 9 11 12 13 14 15 17
24 54 30 6
24 55 24 15
24 55 25 7 15
24 55 26 7
24 55 28 8
24 55 29 4
24 55 30 18
24 56 22 9
24 56 24 1
24 56 25 7 8 10 12 14 18
24 56 26 10 18
24 56 27 8
24 56 28 5 10
24 56 29 6
24 57 22 13
24 57 24 15
24 57 25 3
24 57 26 12 16
24 58 22 12 13
24 58 24 5
24 58 25 2 4 6 10 11 12 13 17 18
24 58 26 1
24 58 27 12
24 58 33 3
24 59 21 3
24 59 22 8 16
24 59 24 5 13
24 59 25 6 7
24 59 26 8
24 59 33 4 11
24 59 34 1
24 59 35 10 12
24 59 36 7 12
24 60 20 7 11
24 60 21 2 4 5 7 9 10 17
24 60 22 2 6
24 60 23 7
24 60 25 1 16
24 60 34 5
24 60 35 6 8
24 61 18 11
24 61 19 11
24 61 20 3
24 61 21 3 12
24 61 22 8 15
24 61 23 3 13
24 61 24 16 17
24 61 33 16
24 62 20 4 10
24 62 21 4 14
24 62 22 1
24 62 23 3 4 5 9 10 11 13 14 15 17 18
24 62 24 6 14
24 62 30 1 3
24 62 31 3
24 62 32 2 8 10 12 16 17
24 62 39 9
24 63 22 8
24 63 23 4
24 63 24 7 18
24 63 29 11
24 63 30 3 4 5 14
24 63 31 2 3 4 5 6 7 12 14 17
24 63 32 2 6
24 63 33 12
24 63 38 9 15
24 63 39 3
24 63 40 7 16
24 63 41 16
24 64 30 4 16
24 64 31 4 5
24 64 32 6
24 64 38 13
24 64 39 1 2 4 5 7 8 9 10 13 15 17 18
24 64 40 6 17
24 65 29 1 17
24 65 38 1 2 8 10 14 15 16
24 65 39 3
24 65 40 18
24 66 28 1 12
24 66 31 15
24 66 37 17
24 66 38 3
24 66 39 4 18
24 66 40 2 7
24 67 21 2
24 67 28 8 13
24 67 30 10 15
24 67 31 3 10
24 67 32 16 18
24 67 33 11
24 67 35 8 11
24 67 36 7
24 67 37 1 7
24 67 38 2 3 4 5 12 13 14 15
24 67 39 6
24 67 40 12 15
24 67 41 16
24 67 45 12
24 68 24 10
24 68 29 11
24 68 30 1 2 3 8 11 12 14 16
24 68 31 4 8 10 11 13 15 16 17 18
24 68 32 2
24 68 37 8
24 68 38 2 4
24 68 39 18
24 68 40 7 17
24 68 41 12 18
24 69 29 7 17
24 69 30 4 17
24 69 31 10 15
24 69 32 18
24 69 37 11
24 69 39 11
24 69 40 1 2
24 69 41 7 12
24 70 27 7 15
24 70 28 15
24 70 29 3 15
24 70 30 11 16
24 70 32 2 8 11 14 18
24 70 33 14 15
24 70 35 7 10
24 70 36 7
24 70 40 8 15
24 71 27 1 9
24 71 28 2 5 8 10 14 18
24 71 29 2 4 6 9 10 16 17 18
24 71 30 18
24 71 31 5 15
24 71 32 6 15
24 71 33 11
24 71 34 3 11 18
24 71 35 1
24 71 36 12 14
24 71 37 12
24 71 41 18
24 72 26 1
24 72 27 3 16
24 72 28 17
24 72 29 1
24 72 30 14
24 72 32 13 18
24 72 33 14 18
24 72 34 4 13
24 72 35 8 13
24 72 36 7 11
24 72 37 8 15
24 73 26 15 17
24 73 27 4 5
24 73 28 6 10
24 73 36 15 16
24 73 37 5
24 73 38 6 16 18
24 74 27 9 18
24 74 28 14
24 74 29 7 14
24 74 35 11 17
24 74 37 17 18
24 74 38 1
24 75 27 13
24 75 28 10
24 75 29 10
24 75 36 8
24 76 27 10
24 76 28 10
24 76 35 8
24 77 26 13
24 77 27 10
25 14 29 9
25 15 29 9
25 15 30 10
25 15 39 15
25 16 28 12 13
25 16 29 2 11
25 16 30 14
25 16 40 9 18
25 17 29 8 9
25 17 30 14
25 17 31 16
25 17 37 1
25 17 39 13
25 17 40 5 16
25 17 41 6 9
25 18 29 8 15
25 18 30 3 10 11 12 13 15 16 17
25 18 31 16
25 18 37 12 13
25 18 39 9 17
25 18 40 7 9
25 18 41 10
25 18 42 9
25 19 29 2 17
25 19 30 2 3 4 7 8 9 10 11 12 15 16 17 18
25 19 31 2 18
25 19 41 10
25 20 29 1 17
25 20 30 4 16
25 20 31 18
25 20 37 12
25 20 39 9
25 20 40 8 9
25 20 41 3
25 21 29 17
25 21 40 2 7
25 21 41 4 14
25 21 42 9
25 22 40 5 10
25 22 41 6 16
25 22 42 10
25 23 40 13 17
25 23 41 2
25 23 42 11 14
25 24 41 8 10
25 24 42 12
25 25 40 5
25 25 41 1 6
25 25 42 12
25 26 41 2 8
25 26 42 8
25 46 13 3
25 47 13 4 8 9 11
25 47 14 3 13
25 47 15 16
25 47 16 5
25 47 17 6 14
25 48 11 9 13
25 48 12 14
25 48 13 5 13
25 48 14 1 4 6 11 13 15 17
25 48 15 9 13
25 48 16 2 5
25 48 17 6
25 49 10 3 13
25 49 11 2
25 49 12 2 11
25 49 13 5 7 8 9 10 12 15
25 49 14 6
25 49 15 18
25 49 17 11 13
25 49 19 7
25 50 10 4
25 50 11 14
25 50 12 5 10
25 50 13 6
25 50 14 18
25 50 18 11 13
25 50 21 12
25 51 18 8
25 52 23 15
25 52 26 9
25 53 23 9 15
25 53 24 3 18
25 53 25 8 16
25 53 27 9
25 53 28 3 11
25 53 29 16
25 54 22 15
25 54 23 13
25 54 24 1 3 4 7 8 11 13 16 17 18
25 54 25 2
25 54 26 13
25 54 27 5
25 54 28 1 3 4 5 6 7 8 9 10 11 12 13 14 15 16 17
25 54 29 6 14
25 54 30 14
25 55 23 17 18
25 55 24 4
25 55 25 9 12
25 55 27 9 17
25 55 28 4 15
25 55 29 18
25 56 24 2 13
25 56 25 10 11
25 56 26 7 10
25 56 27 16
25 56 29 18
25 57 25 10 13
25 57 26 1 17
25 57 27 12
25 58 19 7
25 58 21 13
25 58 22 9
25 58 24 12 13
25 58 25 5
25 58 26 2 3 5 6 7 8 9 13 14 15 16
25 58 27 6
25 58 33 15
25 58 34 15
25 58 35 3
25 59 21 1
25 59 25 15 17
25 59 26 4
25 59 27 18
25 59 32 1 15
25 59 33 5 16
25 59 34 2 5 6 13 14 15 18
25 59 35 4 5 6 7 9 11 12 13 18
25 59 36 6
25 60 17 11
25 60 18 1 16
25 60 19 7 12
25 60 20 3
25 60 21 12 14
25 60 22 3 9
25 60 25 2 8 10 11
25 60 26 18
25 60 32 8 17
25 60 33 3 18
25 60 35 15 18
25 60 36 10
25 61 17 17
25 61 19 5 14
25 61 20 1 3 4 6 10 13 14 16
25 61 21 1 10 15
25 61 22 3 4
25 61 23 10 16
25 61 32 9
25 61 33 4 16
25 61 34 16
25 61 36 15 18
25 61 37 7
25 62 19 1 17
25 62 20 4 5
25 62 21 6
25 62 22 1 2 3 4 5 7 9 11 15 16 17 18
25 62 23 6 8
25 62 24 8 14
25 62 30 2
25 62 31 11 13
25 62 32 16 17
25 62 33 16 17
25 62 36 11
25 62 37 1 18
25 62 38 3 12
25 63 21 17
25 63 22 4
25 63 23 18
25 63 30 13 14
25 63 31 5 17
25 63 32 1 5 6 7 8 11 12 13 15 17
25 63 33 6
25 63 38 3 4
25 63 39 5 9
25 63 40 6
25 64 24 10
25 64 31 10 15
25 64 33 18
25 64 38 4 9
25 64 39 2
25 64 40 5 10
25 64 41 6 15
25 65 28 3 8
25 65 29 2 16
25 65 32 18
25 65 38 2 12
25 65 39 10
25 65 42 7 18
25 65 44 7
25 66 27 13
25 66 28 2 4 9 11 17
25 66 31 16
25 66 35 9 12
25 66 36 11
25 66 37 3
25 66 38 1 16
25 66 39 3 15
25 66 40 3 11
25 66 43 7
25 66 44 1
25 66 45 12
25 67 30 9 17
25 67 31 5 9
25 67 32 6
25 67 34 11 14
25 67 35 1
25 67 36 5 14
25 67 37 1 2 4 6 8 9 12 13 16 17
25 67 38 7 16
25 67 39 4 13
25 67 40 4 10 18
25 67 41 3
25 67 44 8 13
25 68 29 13
25 68 30 2 14
25 68 31 3 14
25 68 32 14
25 68 34 8
25 68 35 8 15
25 68 36 10 17
25 68 37 10 17
25 68 38 11
25 68 39 5 15
25 68 40 6 13
25 68 41 4 16
25 69 29 3
25 69 31 4
25 69 32 9
25 69 36 18
25 69 37 16
25 69 38 11 14
25 69 39 5 12
25 69 40 2 3 6 7 9 10 11 12 13 14 17 18
25 69 41 16
25 70 28 9
25 70 29 4 7 10
25 70 30 16
25 70 31 14
25 70 33 14
25 70 34 15
25 70 35 3
25 70 36 16 17
25 70 37 16
25 70 39 11
25 70 40 4 17
25 70 41 10
25 71 25 11
25 71 27 2 10 12
25 71 28 3 11
25 71 29 1 17
25 71 30 12
25 71 31 11 16
25 71 32 11 16
25 71 33 1 16
25 71 34 5 14
25 71 35 2 3 4 6 8 9 10 11 13 14 17 18
25 71 36 3 8 10 12 13 17
25 71 37 3 9
25 72 26 2 8
25 72 28 4
25 72 29 2 8
25 72 30 12 17
25 72 31 17
25 72 32 17
25 72 33 8 16
25 72 34 7 11
25 72 35 4
25 72 36 4 11
25 72 37 4 14
25 73 32 17
25 73 34 5
25 73 35 6 8
25 73 36 8 10
25 73 37 7
25 73 43 11
25 73 45 5 12
25 73 46 6
25 74 35 5
25 74 36 5 6 7 8 9 11 12 14 16
25 74 37 6
25 74 38 2 12
25 75 29 10
25 75 35 9 17
25 75 37 8
26 16 27 13
26 16 29 3 9
26 16 30 14
26 17 29 4 9
26 17 30 16
26 17 37 2 7
26 18 28 15
26 18 29 13 17
26 18 30 9
26 18 31 14
26 18 35 1
26 18 36 7 13
26 18 38 12
26 19 29 13 18
26 19 30 3
26 19 31 5 14
26 19 32 6 11
26 19 35 11
26 19 36 12
26 19 37 12
26 19 40 9 10
26 20 29 2
26 20 30 4 10
26 20 34 11
26 20 36 8 13
26 21 36 12
26 22 40 10
26 22 41 7
26 23 41 9 12
26 23 42 7
26 23 43 14
26 24 40 15
26 24 41 3 13
26 24 42 1 16
26 24 43 3 12
26 25 40 5 7
26 25 41 2 3 4 5 6 7 8 9 13 15 16 17 18
26 25 42 6 9
26 25 43 4
26 26 40 17
26 26 41 4
26 26 42 7 18
26 26 43 3 12
26 27 40 11
26 27 42 8 16
26 27 43 4
26 28 41 17
26 34 35 15
26 35 36 7 18
26 35 37 7
26 36 35 11
26 36 36 1
26 36 37 12
26 37 36 8
26 45 13 3
26 46 13 4 9
26 47 14 14
26 48 13 9 15
26 48 14 1 2
26 48 15 14 15
26 48 16 11
26 49 11 5
26 49 12 6 13
26 49 13 11 14
26 49 14 1 18
26 49 16 18
26 49 17 1 12
26 49 18 14 15
26 50 12 5
26 50 13 6 10
26 50 18 5 9
26 50 19 1 3 5 6 7 8 10 12 14 15 18
26 50 20 6 13
26 51 19 4
26 51 20 5 18
26 51 21 6
26 52 22 3
26 52 25 9
26 53 22 4 11
26 53 23 12
26 53 24 9 16
26 53 27 5 7
26 53 28 6 9
26 53 29 14
26 54 23 17
26 54 24 2 7
26 54 25 14
26 54 27 12 13
26 54 28 2 7
26 54 29 14
26 55 22 11
26 55 23 11
26 55 24 10 13
26 55 25 11 12
26 55 26 12
26 55 28 10
26 56 24 8 16
26 56 25 15
26 56 26 3 14
26 56 27 16
26 57 23 17
26 57 25 5 12
26 57 26 1 2 3 4 5 6 7 8 9 10 11 12 13 15 16 17 18
26 57 27 6
26 58 23 13
26 58 25 17
26 58 26 4
26 58 27 3 18
26 59 17 15
26 59 18 3 8
26 59 19 10 16
26 59 21 2 16
26 59 25 9
26 59 26 10
26 59 27 4
26 59 32 2 9
26 59 34 13
26 59 36 14
26 60 17 15
26 60 18 1 2 3 4 5 7 12 13 14 16 17 18
26 60 19 6
26 60 20 5 8 11 12 13 16 17
26 60 21 6
26 60 26 14
26 60 35 10
26 61 17 15 17
26 61 18 4 18
26 61 19 10 17
26 61 20 2 8
26 61 21 1 2 3 5 12 16
26 61 22 6 11
26 61 23 9
26 61 24 9
26 61 36 8 15
26 61 37 3
26 61 38 5 16
26 61 39 6
26 62 18 18
26 62 19 2
26 62 20 3 17
26 62 21 4
26 62 22 2
26 62 23 5 14
26 62 24 6
26 62 32 9 14
26 62 36 11
26 62 37 1 2 4 5 8 10 11 12 13 14 15 16 17 18
26 62 38 6 8
26 63 20 4 12
26 63 22 10
26 63 31 12 13
26 63 32 2 11
26 63 33 14
26 63 36 17
26 63 38 18
26 64 28 9
26 64 32 10
26 64 42 7
26 65 37 13
26 65 38 7 8
26 65 41 7
26 65 42 3
26 65 43 5 16
26 65 44 1 6
26 65 45 1 16
26 66 29 14
26 66 34 11 13
26 66 36 16
26 66 37 9 14
26 66 38 2
26 66 39 7 16
26 66 40 11
26 66 41 3 14
26 66 42 3 4 5 10 15 17
26 66 43 6
26 66 44 1 2 3 5 7 8 9 10 11 13 15 17
26 66 45 6 15
26 67 33 5
26 67 34 5 6 7 9 16
26 67 35 2 3 6 7 9 11 12 14 15 16 17
26 67 36 13
26 67 37 2
26 67 38 8 17
26 67 39 3 8
26 67 40 8
26 67 41 4 8
26 67 42 4 15
26 67 43 10 18
26 67 44 4 11
26 67 45 18
26 67 46 18
26 68 33 8 17
26 68 34 17
26 68 35 4 7
26 68 36 5 18
26 68 37 3 6
26 68 38 5 8 10
26 68 39 4 6 14 15
26 68 40 11
26 68 41 15 16
26 68 43 18
26 69 28 11 16
26 69 29 1 16
26 69 30 16
26 69 33 3
26 69 37 4 15
26 69 38 13
26 69 39 5 8 12 13 14
26 69 40 1 6 11 15 16 17 18
26 69 41 14
26 69 42 18
26 70 25 5 15
26 70 26 6
26 70 27 16 17
26 70 28 12 17
26 70 29 3 17
26 70 30 16
26 70 32 15
26 70 33 3 4
26 70 34 3 12
26 70 35 9
26 70 36 7 9
26 70 38 16 18
26 70 39 17
26 70 40 10 14
26 70 41 18
26 70 52 15
26 71 26 8 9 13 14 16 17 18
26 71 28 7
26 71 29 1 2 4 5 8 9 10 11 12 13 14 15 17
26 71 30 6
26 71 31 1
26 71 32 14 15
26 71 33 2 4 7 9 11 12 14 15 16 18
26 71 34 4 7 8 11
26 71 35 13 16
26 71 36 14 16
26 71 37 16 17
26 71 53 12 18
26 72 25 17
26 72 27 11
26 72 28 1 12
26 72 29 8 13
26 72 30 18
26 72 31 12
26 72 32 17
26 72 33 15 18
26 72 34 17 18
26 72 35 3 7 9 14 17
26 72 36 9 17
26 72 37 14 16
26 72 40 11
26 72 44 3 7
26 72 48 8
26 72 50 11 16
26 72 52 8
26 73 28 8
26 73 30 8 11
26 73 34 10 18
26 73 35 4
26 73 36 9 17
26 73 38 16
26 73 44 4 12 13 14
26 73 49 12 17
26 74 35 3 13
26 74 36 5 8
26 74 37 1 6 9 10 11 12 13 14 17
26 75 35 4
26 75 36 10
27 17 36 7 15
27 17 38 16
27 18 35 2 15
27 18 36 5 8
27 18 37 1 3 6 10 13 16 17 18
27 19 33 11 14
27 19 34 11
27 19 35 3 13
27 19 36 3 7 9 10 13 14 15 17 18
27 19 37 4
27 20 35 4 7 11 12 14 15
27 20 36 4
27 20 37 18
27 21 35 8 13
27 21 36 18
27 22 41 1 16
27 23 40 13 17
27 23 41 10 15
27 23 42 3
27 23 43 16
27 24 41 8 9
27 24 42 1 2 4 5 8 10 11 12 13 15 17 18
27 24 43 6
27 25 40 15
27 25 41 1 15
27 25 42 1 3 7
27 25 43 3 18
27 26 40 10
27 26 41 10 18
27 26 42 4 9 12 13 15 16 18
27 26 43 4
27 27 41 14 17
27 27 42 10
27 27 43 3 18
27 28 43 4
27 32 25 7
27 33 23 11
27 33 24 8
27 33 25 1
27 33 26 5 12
27 33 27 6
27 34 25 1 8
27 35 35 5 15
27 35 36 1 6
27 36 35 11
27 36 36 2 9 10 12 13 14 18
27 36 37 10 12
27 36 38 12
27 37 36 8
27 37 37 1
27 38 34 7
27 38 36 7
27 39 34 8 16
27 39 35 11
27 39 36 7
27 39 37 12 16
27 40 33 17
27 40 36 17
27 45 17 7
27 46 16 7
27 46 18 16
27 47 17 7 17
27 47 18 7
27 48 14 2
27 48 16 3 12
27 48 17 1 14
27 48 18 1 16
27 48 19 12
27 49 14 2 14
27 49 16 4 13
27 49 17 2 17
27 49 18 3 8
27 49 19 9
27 50 18 4 13
27 50 19 2 7
27 51 19 10
27 51 24 16
27 52 22 15
27 52 23 1 17
27 52 24 1 16
27 52 25 12
27 53 22 5 13
27 53 23 1 6 7 8 11 14 16 17 18
27 53 24 8
27 54 22 17
27 54 23 1 15
27 54 24 15
27 54 25 16
27 54 26 13
27 54 27 10 12
27 55 22 3
27 55 23 5 14
27 55 24 5 6 7 8 9 10 11 12 13 14 15 16 17 18
27 55 25 6 8 13 16 18
27 55 26 14
27 55 27 16
27 55 28 10
27 56 22 4 5
27 56 23 3 6 7 16 17
27 56 24 17
27 56 25 18
27 56 26 9 17
27 57 22 7 17
27 57 23 4
27 57 24 13
27 57 25 13
27 57 26 2
27 57 27 14
27 58 18 9
27 58 26 10
27 59 19 5
27 59 20 6 9
27 60 17 13
27 60 18 2 11
27 60 19 13
27 60 20 9
27 60 21 14
27 60 36 9
27 61 18 10
27 61 20 13
27 61 21 2
27 61 23 14
27 61 37 9
27 61 38 9
27 62 19 1 8
27 62 36 13
27 62 37 2 14
27 62 38 14
27 63 18 11
27 63 19 1 13
27 63 30 13
27 63 33 14
27 63 37 11 15
27 64 19 8
27 64 38 9 18
27 64 40 8 16
27 64 42 16
27 65 18 8
27 65 39 12 17
27 65 40 12 15
27 65 41 11 17
27 65 42 10 15
27 65 43 3
27 65 44 2 9
27 65 45 2
27 66 35 3 14
27 66 38 9 10
27 66 39 9
27 66 40 7 9
27 66 41 3 9 10 14 18
27 66 42 3 8
27 66 43 1 3 4 7 8 11 18
27 66 44 2
27 66 45 1 14
27 67 33 9
27 67 34 5 13
27 67 35 4 6
27 67 36 11 14
27 67 38 1 9
27 67 39 5 10
27 67 40 6 7
27 67 41 4 7
27 67 42 4 8
27 67 43 4
27 67 44 8 10
27 67 45 14
27 68 34 10 12
27 68 35 10
27 68 38 5
27 68 39 6 9
27 68 40 1
27 68 41 1 14
27 68 42 1
27 69 29 2 14
27 69 35 10
27 69 38 13
27 69 39 5
27 69 40 2 3 6 11 15
27 69 41 11 14
27 70 25 5
27 70 26 6 9
27 70 27 1 13
27 70 29 9
27 70 32 11
27 70 33 3 13
27 70 34 9
27 70 39 1 3
27 70 40 4
27 70 41 18
27 70 52 7 12
27 70 53 8 16
27 71 26 5
27 71 27 6 15
27 71 28 13
27 71 29 1 2 3 9 16
27 71 30 14
27 71 31 2 16
27 71 32 12 13
27 71 33 1 4 7 8 11 12 16
27 71 34 14 15
27 71 35 7 14
27 71 36 10
27 71 39 4
27 71 40 7
27 71 42 7
27 71 45 3 15
27 71 47 3
27 71 48 7 9
27 71 51 5
27 71 52 1 5 6 9 12 13 16 17
27 71 53 1 6
27 72 27 13
27 72 28 2 3 9 10 14 15 17 18
27 72 29 4
27 72 30 3 5 7 9 11 12 13 17
27 72 31 6
27 72 32 17
27 72 33 10 16
27 72 34 1 10
27 72 35 1 18
27 72 39 11
27 72 41 7 14
27 72 45 4 16
27 72 46 11 18
27 72 47 4 11
27 72 48 1 15
27 72 49 11 12
27 72 51 14 17
27 72 52 8
27 73 27 11
27 73 28 4
27 73 29 18
27 73 30 4
27 73 31 14
27 73 32 17
27 73 33 8 12
27 73 35 1 10
27 73 36 9
27 73 40 8
27 73 41 1
27 73 42 1 12
27 73 43 7 13
27 73 44 10 17
27 73 48 8 13
27 73 49 18
27 73 51 8
27 74 31 8 11
27 74 36 13
27 74 37 2
27 74 38 14
27 74 41 8 15
27 75 42 18
28 17 36 9
28 18 36 10
28 18 37 2
28 19 34 1 14
28 19 35 14 15
28 19 36 3
28 19 37 7
28 20 34 13
28 20 35 5 8 9
28 20 36 3 4 6 10 11 14 18
28 20 37 1
28 20 38 12
28 21 35 10 12
28 21 36 4
28 21 37 1 8
28 22 41 2 3
28 22 43 16
28 23 41 4 9
28 23 42 9 17
28 23 44 16
28 24 41 13 15
28 24 42 2 15
28 24 43 14 17
28 25 41 2 11
28 25 42 2 18
28 25 43 18
28 26 40 5
28 26 41 6 13
28 26 42 1 10
28 26 43 1 16
28 27 42 16 17
28 28 41 7 17
28 29 25 7
28 30 24 7
28 30 26 12
28 31 23 11
28 31 24 1
28 31 25 8
28 32 24 9 15
28 32 25 3
28 32 26 1
28 33 24 5 14
28 33 25 1 2 4 5 6 7 8 9 10 12 13 15 16 18
28 33 26 6 7
28 33 27 1
28 34 24 17
28 34 25 2
28 34 26 15 18
28 34 35 3
28 34 36 3
28 34 37 16
28 35 27 18
28 35 35 4 15
28 35 36 2 3 4 8 17
28 35 37 8 12
28 36 35 11 13
28 36 36 3 4 5 9 11 12 13 14 15 18
28 36 37 6 13
28 37 34 7 15
28 37 35 5
28 37 36 4 6
28 37 37 2 18
28 38 33 11
28 38 34 5 9 11
28 38 35 6 18
28 38 36 7
28 38 37 16
28 38 38 16
28 39 34 10 11
28 39 35 5 12
28 39 36 6 7 10 13 14 16 17
28 39 37 7 17
28 40 35 17
28 40 36 8 10
28 40 37 1 16
28 41 36 17
28 42 37 8
28 45 16 7
28 46 15 1 11
28 46 16 1 11
28 46 17 7 10
28 46 18 16
28 47 14 1 11
28 47 16 10 15
28 47 17 3 17
28 47 18 16
28 47 19 15 16
28 48 15 8 13
28 48 16 5 8
28 48 17 1 2 3 4 6 7 8 10 11 16 17 18
28 48 18 2 5 9 10 11 13 15 17
28 48 19 6
28 48 20 18
28 49 16 8 17
28 49 17 4
28 49 18 8
28 49 19 18
28 51 19 10
28 51 23 3 8
28 51 24 3 5
28 51 25 6
28 52 22 5
28 52 23 2 4 6 7 9 12 16
28 52 24 2 4 5 7 8 9 11 13 15
28 52 25 6
28 53 21 11
28 53 22 17
28 53 23 2 8
28 53 24 14
28 53 25 1 18
28 54 22 15
28 54 23 2 10
28 54 24 9
28 54 25 9
28 54 26 8 13
28 55 23 13 18
28 55 24 3
28 55 25 7 14
28 55 26 16
28 56 24 4 10
28 56 25 8 17
28 57 23 10 12
28 58 22 10
28 60 19 7 14
28 61 18 3
28 61 19 1 9
28 62 18 4 15
28 62 19 2 12
28 62 20 16
28 63 18 5 11
28 63 19 2 3 5 6 8 9 12 14 15 16 17 18
28 63 20 6
28 63 38 7 14
28 63 40 9 11
28 64 18 9 17
28 64 19 4 12
28 64 20 11 18
28 64 41 15
28 64 42 3
28 64 43 16
28 65 38 8 13
28 65 39 13
28 65 41 5
28 65 42 1 4 6 8 9 11 12 14 17 18
28 65 43 8 9
28 66 39 1 15
28 66 40 3
28 66 41 11 16
28 66 42 3 9 11 12 16
28 66 43 2
28 66 44 9 14
28 66 45 2
28 67 37 14
28 67 38 2
28 67 39 5 7
28 67 40 1 3 4 6 8 10 12 17 18
28 67 41 1 17
28 67 42 3 4 15
28 67 43 1 10
28 68 33 13
28 68 38 5 7
28 68 39 5 6
28 68 40 2 4 6 7 10
28 68 41 2 10 11
28 68 42 2 4
28 68 43 18
28 69 26 5 15
28 69 27 6 7
28 69 28 3 7
28 69 38 1 15
28 69 39 16
28 69 40 15 16
28 69 41 14
28 69 42 14
28 69 53 9
28 70 27 2 18
28 70 28 4 11
28 70 33 9 14
28 70 38 5 17
28 70 39 1 2 5 6 12 16 17 18
28 70 40 6 15
28 70 41 18
28 70 48 16
28 70 51 13
28 70 52 3
28 70 53 12
28 71 28 12 15
28 71 29 2
28 71 30 3 12
28 71 31 13
28 71 32 13
28 71 33 2 16
28 71 34 14
28 71 38 1 17
28 71 39 3 11
28 71 41 12 18
28 71 47 15 17
28 71 48 3
28 71 49 3
28 71 50 1
28 71 51 1 13
28 71 52 1 2 3 4 7 8 9 10 11 15 16
28 71 53 2
28 72 28 5
28 72 29 1 3 5 6 7 11 12 13 16 18
28 72 30 4 6
28 72 31 3 14
28 72 32 17
28 72 33 9 10
28 72 34 2
28 72 35 2 10
28 72 39 4 15
28 72 40 5 9 10 12 14 15
28 72 41 6
28 72 42 10 16
28 72 47 5 14
28 72 48 1 2 3 4 5 6 7 8 9 10 11 12 13 14 15 16 18
28 72 49 4 6
28 72 50 14
28 72 51 9 17
28 72 52 4 11
28 72 53 3 18
28 73 28 14 17
28 73 29 4
28 73 30 7 10
28 73 31 1 4 9 16
28 73 32 3 13
28 73 35 2
28 73 39 5 15
28 73 40 6 18
28 73 41 2 3 7 8 9 10 11 12 13 16 17 18
28 73 42 2
28 73 47 16 17
28 73 48 4 16
28 73 49 1 18
28 73 53 4
28 74 30 17
28 74 31 8
28 74 32 4 14
28 74 40 17 18
28 74 41 4 5
28 74 42 6
28 74 43 7 10
28 74 45 12
28 74 46 17
28 74 47 17
28 75 42 11
29 18 37 7
29 18 38 16
29 19 34 1 2
29 19 35 9
29 19 37 3 17
29 20 36 5
29 20 37 1 2 4 6 7 8 9 10 13 14 16
29 21 34 13
29 21 36 12 17
29 21 37 2
29 25 42 7 14
29 26 41 7
29 26 42 2
29 26 43 2 12
29 27 40 11
29 27 41 1
29 28 40 11
29 28 41 8
29 28 42 5 12
29 28 43 6
29 29 24 15
29 29 41 8 10
29 30 23 7 15
29 30 24 3
29 30 25 3 9 10 13 16 18
29 30 39 1
29 31 23 5
29 31 24 2 4 6 8 10 11 14 15 16 17 18
29 31 25 4
29 32 23 11 17
29 32 24 11
29 32 25 9 18
29 32 26 2 7
29 32 38 11
29 33 24 13
29 33 25 2 11
29 33 26 1
29 33 27 2 7
29 33 38 12
29 33 39 7
29 33 40 12
29 34 23 12
29 34 25 10
29 34 26 10
29 34 36 9
29 34 37 9 11
29 34 38 1
29 35 24 12
29 35 36 3 13
29 35 37 1 3 15
29 36 22 1
29 36 32 15
29 36 35 3 13
29 36 36 4 14
29 36 37 4 14
29 36 38 3 18
29 37 33 15 18
29 37 34 1
29 37 35 4
29 37 36 11 12
29 37 38 4
29 38 33 5
29 38 34 6 7 8 10 12 14 16 18
29 38 35 12 14
29 38 36 5 11
29 38 37 3 6
29 38 38 7
29 39 33 17
29 39 34 13
29 39 35 8 12 14 15
29 39 36 3 9 10 12 15
29 39 37 4 5
29 39 38 6 16
29 39 39 12
29 40 24 7
29 40 25 7
29 40 35 8
29 40 36 4 10 18
29 40 37 1 2 3 10 15 16 17 18
29 40 38 8
29 41 21 11
29 41 24 12
29 41 36 17
29 41 37 4 9
29 41 38 18
29 44 14 15
29 45 15 15 18
29 45 16 3
29 45 17 16
29 46 15 2
29 46 16 1 2 4 7 10 11 14 15 17 18
29 46 17 14
29 46 18 3
29 46 19 16
29 47 14 2 11
29 47 15 9 14
29 47 16 9
29 47 17 1 5 9 10 18
29 47 18 1 4 5 6 17
29 47 19 6
29 48 16 9 11
29 48 17 2 7
29 48 18 1 3 7 9 14
29 48 19 14
29 49 17 10
29 49 18 4
29 50 23 9
29 51 24 9
29 52 22 13
29 52 23 9
29 52 24 16
29 52 25 14
29 53 22 11 14
29 53 23 10 17
29 53 24 1 10
29 53 25 2
29 53 26 9 16
29 54 23 15
29 54 24 12 16
29 54 25 16 17
29 54 26 16
29 55 23 5 17
29 55 24 1 5 6 7 8 11 12 16 17 18
29 55 25 5 6 7 9 15 16 17
29 55 26 6
29 56 23 17
29 56 24 17
29 56 25 10
29 56 26 18
29 57 22 13
29 61 19 2 10
29 62 18 5 13
29 62 19 6 9
29 63 18 13
29 63 19 14
29 63 41 14 15
29 64 18 13
29 64 21 14
29 64 38 9 10
29 64 42 9 18
29 64 43 9
29 65 41 13
29 65 42 2
29 65 43 14
29 65 46 12
29 66 39 2
29 66 40 9
29 66 41 13
29 66 42 14
29 66 43 14
29 67 39 13
29 67 40 2
29 67 41 2 5
29 67 42 3 6
29 67 43 2 15
29 67 45 5 16
29 67 46 6 8
29 68 39 10
29 68 40 3
29 68 42 4 14
29 68 44 17 18
29 68 49 7
29 69 38 2 10
29 69 40 4 10
29 69 48 11 16
29 69 49 1 8
29 69 50 12
29 70 27 5 10
29 70 28 6 10
29 70 29 11 14
29 70 30 1 7
29 70 38 13
29 70 39 2 5
29 70 40 6
29 70 47 17
29 70 48 3
29 70 49 12
29 70 50 1
29 70 51 3 12
29 70 52 9 13
29 71 27 13
29 71 29 11 13
29 71 38 2
29 71 40 13 14
29 71 42 16
29 71 48 4 9
29 71 49 8
29 71 50 2 8
29 71 51 2 4
29 71 52 2
29 71 53 11 14
29 72 27 5
29 72 28 6 13
29 72 29 2 8
29 72 30 14
29 72 39 13 16
29 72 41 3 7 9 17
29 72 47 13
29 72 48 2 11
29 72 49 5 7 11 14 15
29 72 50 6
29 72 52 10
29 72 53 14
29 73 29 10
29 73 31 2 9
29 73 38 17
29 73 40 13
29 73 41 4
29 73 42 14
29 73 48 8 10
29 73 49 2
29 73 50 3 18
29 74 30 10
29 74 41 10 15
29 74 44 13 16
29 74 50 4
29 75 42 18
29 75 43 10 12 14 17
30 18 32 1 5
30 18 33 6 15
30 19 33 3 8
30 19 34 2 18
30 19 37 9 10
30 20 33 1 4
30 20 34 7 15
30 20 37 2
30 21 35 13 18
30 21 37 10
30 25 41 3
30 26 41 3 4
30 26 42 10 13
30 27 40 15
30 27 41 2 3 4 8 9 10 12 14
30 27 42 16
30 28 38 7
30 28 40 5 16
30 28 41 1 4 6 7 8 9 13 14 15 17 18
30 29 39 7 17
30 29 42 3 18
30 30 22 15
30 30 23 3
30 30 24 9
30 30 37 5
30 30 38 6 11
30 30 39 1 2
30 30 40 12 15
30 30 42 4
30 31 22 5
30 31 23 1 4 5 6 8 10 12 16 18
30 31 24 6 7
30 31 25 12 14
30 31 33 1
30 31 38 8
30 31 39 1 8
30 31 40 12
30 31 41 18
30 32 22 17
30 32 24 14
30 32 25 14 15
30 32 26 3
30 32 39 8 11 14
30 32 40 12
30 32 41 8
30 33 25 5 7
30 33 26 1 2 3 4 6 7 8 10 14 15 16 18
30 33 27 3
30 33 28 1 16
30 33 37 13 15
30 33 38 3 11
30 33 39 13 16
30 34 22 7 13
30 34 25 8 17
30 34 26 4
30 34 27 4 10 15 17 18
30 34 37 5
30 34 38 2 3 4 5 6 7 8 11 12 14 17 18
30 34 39 6 10
30 35 21 11
30 35 22 1
30 35 23 8 13
30 35 24 1
30 35 28 18
30 35 37 2 7
30 35 38 4
30 36 22 2 8
30 36 26 12
30 36 31 11
30 37 31 3 11
30 37 32 1
30 37 34 2 9
30 37 35 12 13
30 37 37 3 14
30 37 38 15 16
30 38 31 4
30 38 32 8
30 38 33 13 16
30 38 34 1 13
30 38 35 9
30 38 36 5
30 38 37 1 3 4 6 14 15 17
30 38 39 18
30 39 32 17
30 39 34 10 13
30 39 35 9 13
30 39 36 3
30 39 37 4
30 39 38 3 8 9 10 13 18
30 40 24 7
30 40 35 11
30 40 36 4 5
30 40 37 1 2 3 6 7 8 11 12 15 16
30 40 38 4
30 41 22 7 14
30 41 23 11 13
30 41 24 1 10
30 41 25 10 12
30 41 36 17
30 41 37 4 15
30 41 38 18
30 42 21 11
30 42 22 1 7
30 42 23 11
30 42 24 3 8
30 42 38 18
30 43 22 7 8
30 43 24 4
30 45 16 7
30 46 16 2 8
30 46 17 14
30 47 15 11 14
30 47 16 10
30 47 17 2 12
30 47 18 2
30 48 16 3 8
30 48 17 1 14
30 48 18 2
30 49 16 4
30 49 17 10
30 49 18 10 12
30 53 23 3 5 11 14
30 53 24 2 6
30 53 25 16
30 54 23 4 13
30 54 24 9 17
30 54 25 16
30 55 23 3 13
30 55 24 2 17
30 55 25 14
30 56 23 4
30 56 24 10
30 56 25 10 16
30 57 24 17
30 65 45 11 13
30 65 46 12
30 65 47 12 15
30 66 46 8 9
30 66 48 18
30 67 48 7
30 68 48 11
30 68 49 9
30 68 50 7
30 69 47 5
30 69 48 6 8
30 69 49 2 5 7 10 13 14
30 69 50 3 6
30 69 51 16
30 70 30 2 14
30 70 47 8
30 70 48 11 13
30 70 49 1 9
30 70 50 2 3 4 5 9 11 13 15 17
30 70 51 6
30 71 29 9
30 71 30 10 14
30 71 49 8 12
30 71 50 4
30 71 51 11 18
30 71 54 14
30 72 48 9
30 72 49 14
30 72 50 14
30 73 41 10 12
30 73 49 10
30 74 41 12
30 75 42 8 13
31 18 32 2 5
31 18 33 6 9
31 20 33 2 15
31 21 34 10 18
31 26 41 5 9
31 26 42 6
31 27 40 13
31 27 41 9
31 28 27 3
31 28 40 16
31 28 41 2
31 28 42 16
31 29 27 4 7
31 29 38 10 15
31 29 39 3 17
31 29 40 7 16
31 29 41 10 17
31 30 23 9 12
31 30 24 7
31 30 26 5 16
31 30 27 1 6
31 30 33 7
31 30 38 5 9
31 30 39 2 4 5 6 7 9 10 13 14 15 16 17 18
31 30 40 5 6
31 30 41 6
31 31 22 3 13
31 31 23 2
31 31 24 13
31 31 25 3 17
31 31 26 11
31 31 27 7 8
31 31 33 1 2
31 31 34 12
31 31 38 17
31 31 39 2 3 8 9 11 12 13 16
31 31 40 11 18
31 31 41 9 12
31 32 22 4
31 32 24 10 12
31 32 25 3 4
31 32 26 9
31 32 27 7 12
31 32 33 3 7 8
31 32 38 17
31 32 39 4 13
31 32 40 5 14
31 32 41 6
31 33 22 7
31 33 24 7
31 33 25 4 9
31 33 26 2
31 33 27 16
31 33 28 2
31 33 32 11
31 33 33 4
31 33 38 9 11
31 33 39 14
31 34 21 11
31 34 22 3 15
31 34 23 1 9 16
31 34 25 10
31 34 26 10 17
31 34 30 11
31 34 37 13
31 34 38 7 8
31 34 39 14
31 35 21 15
31 35 22 2 3 4 7 8 9 10 14 15 16 17
31 35 23 18
31 35 24 2 11
31 35 25 12
31 35 26 12
31 35 31 3
31 35 37 8 12
31 35 38 10
31 35 39 12
31 36 21 8 17
31 36 22 4 18
31 36 23 16 18
31 36 24 1 3
31 36 25 8 13
31 36 30 15
31 36 31 4 7
31 36 32 3 14
31 36 33 16
31 36 34 11
31 36 35 7
31 36 36 7
31 36 37 10 12
31 36 38 5 12
31 36 39 3 6
31 37 22 17
31 37 24 4 7
31 37 30 11
31 37 31 1 18
31 37 32 1 2 4 5 7 8 9 12 14 15 16 17
31 37 33 6
31 37 34 13 15
31 37 35 7 11
31 37 36 1
31 37 37 12
31 37 39 1 4
31 38 31 17
31 38 33 3 18
31 38 34 2 12
31 38 35 8 18
31 38 36 8 16
31 38 37 2 15
31 38 38 9 15
31 39 23 3
31 39 24 1 3
31 39 33 4
31 39 34 8
31 39 35 17
31 39 36 5
31 39 37 6 9
31 39 38 18
31 39 39 18
31 40 23 4 15
31 40 24 3 4
31 40 25 16
31 40 36 13 14
31 40 37 2
31 40 38 14 15
31 41 21 15
31 41 22 7
31 41 23 5
31 41 24 1 2 3 4 5 6 7 8 9 10 11 12 13 14 15 16 17 18
31 41 25 6
31 41 26 12
31 41 37 10 12
31 41 39 18
31 42 21 5
31 42 22 1 2 6 9 10 14 15 16 18
31 42 23 17
31 42 24 4 14
31 42 25 5 18
31 42 26 6
31 43 16 15
31 43 20 5
31 43 21 6 17
31 43 22 10
31 43 23 18
31 44 17 7 18
31 44 22 10
31 45 16 9
31 45 17 1 15
31 46 15 15
31 46 16 3 10
31 46 17 8
31 46 18 18
31 47 15 5 11
31 47 16 4 6 9 13 14 16 18
31 47 17 3 16
31 47 18 8
31 48 15 17
31 48 16 1 17
31 48 17 2 4
31 49 17 13
31 53 24 14
31 64 46 3
31 64 47 8 16
31 65 45 5 13
31 65 46 4 5 6 8 9 11 12 13 14 15 16 17
31 65 47 6 16
31 66 45 17
31 66 46 17
31 66 47 16 18
31 67 46 12 17
31 67 47 15
31 68 48 1 3 5 7 9 10 15 16 18
31 68 49 6 14
31 69 47 9 17
31 69 48 4
31 69 49 11 18
31 69 50 10 16
31 70 48 5
31 70 49 2 3 5 6 7 9 10 11 14 15 17
31 70 50 6
31 70 51 14
31 71 44 8
31 71 48 13
31 71 49 4
31 71 50 7 18
31 71 52 14
31 73 39 12 15
31 73 40 13 16
31 73 41 16
31 74 39 5 17
31 74 40 1 6 13 17 18
31 74 41 5 7
31 74 42 6 9
32 27 40 15
32 28 39 5 15
32 28 40 6
32 28 41 16 18
32 28 42 16
32 29 27 15
32 29 28 7
32 29 37 5
32 29 38 6 15
32 29 39 3 7
32 29 40 1 5 11 15 16 17 18
32 29 41 6 17
32 30 22 13
32 30 24 3 7
32 30 25 16
32 30 27 2 3 9 10
32 30 28 7 18
32 30 30 16
32 30 32 15
32 30 33 3
32 30 38 11 12
32 30 39 4 7 8 9 11 12 17 18
32 30 40 10
32 30 41 7 18
32 31 22 11
32 31 23 7
32 31 24 3 4 5 8 10 12 15 16 17
32 31 25 6
32 31 26 3 16
32 31 27 4 5 12 14
32 31 28 1 6
32 31 29 12 17
32 31 32 5
32 31 33 1 2 4 5 6 8 9 10 12 13 16 18
32 31 34 6
32 31 38 13 16
32 31 39 10 16
32 31 40 1 3 7 13 14 15
32 31 41 14
32 32 23 13 17
32 32 24 4
32 32 25 17 18
32 32 26 4 13
32 32 27 10
32 32 28 8
32 32 30 1
32 32 31 11 15
32 32 32 17
32 32 33 15
32 32 34 15
32 32 35 7 15
32 32 37 17
32 32 38 17
32 32 39 11
32 32 40 4
32 32 41 18
32 33 20 5
32 33 21 6 15
32 33 22 16
32 33 27 10 16
32 33 30 7 11
32 33 31 7
32 33 32 18
32 33 33 10 14
32 33 34 11 18
32 33 35 1 18
32 33 36 18
32 33 37 7 15
32 33 38 9
32 33 39 7 14
32 34 21 5 17
32 34 22 6 8 9 10 11 12 14 18
32 34 23 2 11
32 34 24 10 15
32 34 25 1 16
32 34 26 8 17
32 34 31 8 14
32 34 35 7 16
32 34 36 5 15
32 34 37 6 9
32 34 38 16 18
32 34 39 5 16
32 34 40 6
32 35 21 5 9
32 35 22 1 6
32 35 23 3 7 12
32 35 24 1 11 13 17
32 35 25 7 9 13 14 18
32 35 26 8 16
32 35 27 8
32 35 31 3
32 35 33 16
32 35 34 7 17
32 35 35 1
32 35 36 8 13
32 35 37 17 18
32 35 38 5 7 10 13 15 16 17
32 35 39 6 7
32 36 21 5
32 36 22 6 10
32 36 23 4 15
32 36 24 2 7
32 36 25 3 17
32 36 26 7
32 36 30 15
32 36 31 3 4
32 36 32 9 17
32 36 33 11
32 36 34 11 12
32 36 35 8 14
32 36 36 12 13
32 36 37 13 16 17
32 36 38 16
32 36 39 5 18
32 36 40 6
32 37 23 1 11
32 37 24 5 18
32 37 25 4 6
32 37 26 1
32 37 27 12
32 37 30 5
32 37 31 2 3 4 6 7 10 12 13 14 16 18
32 37 32 2
32 37 33 1 5
32 37 34 1 6
32 37 35 7 9 10 15 16
32 37 36 2 9 10 13 14 15 17
32 37 37 8 17
32 37 38 8
32 37 39 2 5
32 37 40 6 12
32 38 24 3 10
32 38 26 8 11
32 38 29 5
32 38 30 6 17
32 38 31 4
32 38 32 10 11
32 38 33 8 13
32 38 34 9 17
32 38 35 10
32 38 36 7 18
32 38 37 18
32 38 38 1 16
32 38 39 12 15
32 39 24 2 4
32 39 37 17
32 39 38 11
32 39 40 18
32 40 22 7
32 40 24 7 9
32 40 37 8
32 41 18 1 11
32 41 21 3 11
32 41 22 3 8
32 41 23 13
32 41 24 2 16
32 41 25 13 14
32 41 36 13
32 42 21 4
32 42 22 2 4 7 8 10 12 16
32 42 23 17
32 42 24 7 10
32 43 19 7 8
32 43 21 17
32 43 22 7
32 43 23 1
32 43 24 12
32 44 18 16
32 44 23 8
32 45 17 2 5 7 9 10 17
32 45 18 6 15
32 46 16 11
32 46 17 1 3
32 46 18 8 9
32 46 19 18
32 47 15 8 15
32 47 16 14
32 47 17 4
32 48 16 2 18
32 48 18 8
32 63 47 9
32 64 46 9
32 65 45 11 13
32 65 47 14
32 66 45 15
32 66 46 1
32 66 47 7
32 67 45 7 13
32 67 46 11 18
32 67 47 3 7
32 67 48 12 15
32 68 47 3 4
32 68 48 2 8
32 68 49 18
32 69 47 4 15
32 69 48 1 10
32 69 49 1
32 69 50 14
32 70 44 9 11
32 70 45 1
32 70 46 8
32 70 48 15 18
32 70 49 8
32 70 50 7 14
32 71 46 12
32 71 49 10 18
32 71 50 8
32 72 50 10
32 73 38 13
32 74 40 2 15
32 75 41 10 18
33 28 40 16
33 29 27 3 15
33 29 38 3
33 29 39 9 17
33 29 40 2
33 29 41 14
33 30 24 9
33 30 27 4
33 30 28 3 7 8 10 16 18
33 30 29 16
33 30 32 5
33 30 33 1 6 9
33 30 34 16
33 30 35 3 7
33 30 37 13 15
33 30 38 4 13
33 30 39 1 7 8 10 11 12 14
33 30 40 14
33 31 21 5
33 31 22 6 15
33 31 23 13 14
33 31 24 10
33 31 26 13
33 31 27 16 17
33 31 28 2 4 5 8 9 10 11 13 16 17
33 31 29 6 11
33 31 30 5
33 31 31 6 15
33 31 32 13 15
33 31 33 2 16 17
33 31 34 11 16
33 31 35 4 16
33 31 38 7 18
33 31 39 10
33 31 40 2
33 31 41 10
33 32 22 15
33 32 23 1 3 5 7 8 10 11 15 18
33 32 24 6 7
33 32 25 1 8
33 32 26 17
33 32 27 12 17
33 32 28 12
33 32 29 8
33 32 30 2 15
33 32 31 15
33 32 32 8 12 14 15 16 17 18
33 32 33 12 16 17 18
33 32 34 5 7 15 17
33 32 35 6 15
33 32 36 16
33 32 40 10 14
33 33 22 9
33 33 23 4 18
33 33 24 18
33 33 26 9 12
33 33 27 1 12
33 33 28 16
33 33 29 7 12
33 33 30 5 12
33 33 31 3 6 9 12 14 15 17 18
33 33 32 17 18
33 33 33 5 18
33 33 34 6 7
33 33 35 1 2 3 7 8 10 14 17 18
33 33 36 1 18
33 33 37 11 15
33 34 21 13 16
33 34 22 5
33 34 23 6 14
33 34 24 8 14
33 34 25 2
33 34 26 9 16
33 34 27 8 9 16 17
33 34 30 10
33 34 31 4 10
33 34 32 18
33 34 34 11
33 34 35 4
33 34 36 1 9 15
33 34 37 10 16
33 34 38 5 18
33 34 39 6 10
33 35 20 17
33 35 22 2 13
33 35 24 2 3
33 35 25 14 17
33 35 26 17
33 35 33 15
33 35 34 3 15
33 35 35 1 2 7 9 10 11 12 15
33 35 36 15 17
33 35 37 1 5 7 18
33 35 38 6
33 35 39 16
33 36 23 10
33 36 24 4 7
33 36 25 1 7 8 10 12 15
33 36 26 1 3
33 36 27 11 16
33 36 29 8 15
33 36 32 11 16
33 36 33 13
33 36 34 4 10 14 18
33 36 35 3 7 12 13 14 18
33 36 36 15 18
33 36 37 5 7 9 11 12 15 16 18
33 36 38 6 9 10 11 17
33 36 39 10
33 37 23 2
33 37 24 3 7 10 11 12 14 16
33 37 25 11
33 37 26 1 2 3 4 5 7 9 10 11 13 16 17 18
33 37 27 6 7
33 37 30 13 18
33 37 31 5 17
33 37 32 6 7
33 37 33 2 9
33 37 34 2 3
33 37 35 4
33 37 36 17
33 37 37 18
33 37 38 18
33 37 39 13 16
33 38 23 17
33 38 24 4
33 38 25 17
33 38 26 4
33 38 27 14
33 38 31 10 12
33 38 33 7 14
33 38 34 1 4
33 38 35 1 10
33 38 36 3 11
33 38 37 5
33 38 38 1 2 3 5 6 7 8 11 12 13 15 16 17
33 38 39 6
33 39 32 11
33 39 33 1
33 39 34 12
33 39 36 4 10
33 39 37 9 17
33 39 38 4
33 39 39 14 18
33 40 21 7
33 40 22 9
33 40 23 16
33 40 33 8
33 40 34 1
33 41 18 2 3
33 41 19 11 14
33 41 21 5
33 41 22 6 9 10 14 17
33 41 24 10
33 42 18 4 12
33 42 19 1 9
33 42 21 7 13
33 42 22 15 16
33 42 23 3
33 42 24 5 16
33 42 25 6
33 43 21 17
33 43 22 1 10
33 43 23 1 2 4 5 7 8 9 11 12 13 15 16 17 18
33 43 24 6 10
33 44 19 10 16
33 44 22 10 17
33 44 23 8
33 44 24 18
33 45 16 15
33 45 17 3 8
33 45 18 7 8 9 12 17
33 45 23 8
33 46 15 5 9
33 46 16 5 6
33 46 17 2 3 4 5 6 7 10 14 15 16 18
33 46 18 6 12
33 47 16 17
33 47 17 4 11
33 47 18 9 18
33 65 46 14
33 65 48 16
33 66 46 2 7
33 66 47 3 17
33 66 48 16
33 67 45 15
33 67 46 1
33 67 47 4 10 11 12 13 14 17
33 67 48 1 9
33 67 51 16
33 68 45 10 11
33 68 46 11 18
33 68 47 3 10
33 68 48 15 16
33 68 50 16 17
33 69 45 3
33 69 46 9 16
33 69 47 4 17
33 69 48 2 5
33 69 49 1 2 5 6 7 8 9 11 15 16 17 18
33 69 50 6
33 70 45 2 3 4 5 8 11 14 17
33 70 46 6
33 70 47 8
33 70 48 5 17
33 70 49 6
33 70 50 9 18
33 71 45 4 13
33 71 46 8
33 71 50 10
34 29 28 9
34 29 29 16
34 29 39 5 9
34 29 40 6
34 30 27 15
34 30 28 9 17
34 30 32 3
34 30 33 2
34 30 38 13 16
34 30 39 2
34 30 40 5 14
34 30 41 6
34 31 23 9
34 31 25 9 16
34 31 27 15
34 31 28 10 18
34 31 29 9 14
34 31 30 14
34 31 32 4 9
34 31 35 10 14
34 31 37 17
34 31 39 10
34 32 22 5
34 32 23 2 6
34 32 24 14 17
34 32 25 2 3
34 32 26 13 15
34 32 27 3 13
34 32 28 16 18
34 32 31 13
34 32 32 3 13 15 16
34 32 33 3
34 32 34 3
34 32 35 9
34 32 36 3 5
34 32 37 5 6
34 32 38 6 10
34 33 22 5
34 33 23 6 10
34 33 24 9 10
34 33 25 4 13
34 33 26 13 15
34 33 27 2 4 9 15 16 17 18
34 33 28 13 16
34 33 29 13
34 33 30 13 15
34 33 31 17
34 33 32 4
34 33 33 4 18
34 33 34 4 10 16
34 33 35 2
34 33 36 2 4
34 33 38 14 16
34 34 26 3 17
34 34 27 17 18
34 34 28 18
34 34 29 3 10
34 34 31 18
34 34 33 17
34 34 34 10 16
34 34 35 10 14
34 34 36 2
34 34 37 15 17
34 35 23 15
34 35 25 9
34 35 26 4
34 35 29 4 9
34 35 33 5 17
34 35 34 6 13
34 35 35 2
34 35 36 14
34 35 37 2 5
34 35 38 6 18
34 36 24 13 18
34 36 25 2
34 36 26 2
34 36 28 14
34 36 31 3
34 36 33 14 15
34 36 34 13
34 36 35 10
34 36 36 13
34 36 37 10
34 36 38 14
34 36 39 14
34 37 23 13
34 37 24 10 15
34 37 25 10 14
34 37 26 2 14
34 37 27 14 15
34 37 31 4 5
34 37 32 3 6 15
34 37 33 5
34 37 34 3 6 18
34 37 35 10
34 37 37 10
34 37 38 5 9
34 37 39 6
34 38 24 10
34 38 25 5 18
34 38 26 6 10
34 38 27 10
34 38 28 18
34 38 30 13
34 38 32 4 10
34 38 33 15 18
34 38 34 2 4
34 38 35 2
34 38 37 13 14
34 38 38 2
34 38 39 3 14
34 39 32 5 15
34 39 33 2 6 9 10 13 14 15 16
34 39 34 16 18
34 39 37 5
34 39 38 6 10
34 39 39 4
34 40 22 15
34 40 32 17
34 40 33 17 18
34 40 34 2 18
34 41 20 14 15
34 41 21 10 15 16
34 41 22 3 16
34 41 23 16 18
34 42 17 13 15
34 42 19 2 16
34 42 20 17
34 42 21 17 18
34 42 22 4 16 17 18
34 42 23 9
34 43 18 17 18
34 43 21 10 17
34 43 22 2 13
34 43 23 2 9
34 43 24 14
34 44 17 9
34 44 18 9
34 44 23 9 10
34 45 17 13 16
34 46 16 17
34 46 17 13
34 46 18 3 10
34 47 17 10
34 47 18 4 14
34 65 45 15
34 66 44 15
34 66 45 15
34 66 46 3 18
34 66 47 16
34 67 45 5 18
34 67 46 2 4 6 10 13 15 16 17 18
34 67 47 3
34 67 48 2 14
34 68 45 17
34 68 46 14 16
34 68 47 4 5 14 15 16 18
34 68 48 6
34 68 49 9
34 69 45 9 17
34 69 46 3 17
34 69 47 9 16
34 69 48 18
34 69 49 2
34 69 50 14
34 70 45 5 16
34 70 46 3 4 5 6 9 14 16 17
34 70 47 3 6
34 70 49 3 10
34 71 44 17
34 71 45 16 17
34 71 46 4
34 71 47 4
34 71 49 4
34 72 44 17