A*
9 150 243
7 51 15
2 51 41
1992
0 31 3 1 11
0 32 5 5 15
0 32 6 6
0 33 5 8 12
0 33 6 15 16 18
0 34 3 11
0 34 4 5 16
0 34 5 6 17
0 34 6 1 12
0 34 7 5 18
0 34 8 6 8
0 35 3 16 17
0 35 5 5
0 35 6 6 7
0 36 1 5 16
0 36 2 6 17
0 37 0 7 17
0 38 5 5 15
0 38 6 6
0 39 2 1 7
0 39 5 3 5
0 39 6 3 6 12 18
0 39 10 8 11
0 40 5 4 12
0 40 6 4 11
0 40 11 8
0 41 5 11 15
0 41 6 8 15
0 41 13 12 16
0 42 6 12 18
0 42 7 12 18
0 42 10 5 8
0 42 11 6 11
0 42 12 12 17
0 42 13 1 15
0 42 15 7 12
0 43 7 3 8
0 43 10 11
0 43 11 3 7
0 43 14 7 18
0 44 7 4 5
0 44 8 6 12
0 44 11 4 15
0 45 5 11
0 45 12 1 18
0 45 13 7
0 46 13 11 12
0 47 4 5 8
0 47 5 6 7 15
0 47 7 12
0 47 12 8 12
0 48 0 1 5
0 48 1 6 8
0 48 3 11
0 48 4 3
0 48 5 12 15
0 48 6 15 18
0 48 7 12
0 48 8 12 16
0 48 10 1 7
0 48 11 11 15
0 49 4 4 11
0 49 5 8
0 49 6 7 8 18
0 49 7 17 18
0 49 12 11 18
0 50 1 8
0 50 5 3
0 50 13 7
0 50 41 1 15
0 51 1 7
0 51 3 7 12
0 51 5 4 8
0 51 40 8 11
0 51 41 8 16
0 51 42 3 16 18
0 52 5 8 16
0 52 40 8 17
0 52 41 3 17
0 52 42 4
0 53 0 7 8
0 53 4 3 17
0 53 41 4 8
0 54 4 1 4
0 55 4 8
0 55 9 7
0 55 42 1 16
0 56 8 7 15
0 56 41 3 17
0 57 9 11 18
0 57 39 7
0 57 40 12 15
0 57 41 3 4
0 58 8 8 12
0 58 10 8 15
0 58 11 1 3 11
0 58 38 3 5 15
0 58 39 6
0 58 40 8 16
0 58 41 1 4 18
0 59 11 4 18
0 59 36 8 15
0 59 38 4 12
0 59 39 17 18
0 60 37 3 18
0 61 37 4 11
0 62 6 3 8
0 62 26 7 8
0 62 27 3 15
0 62 31 16
0 63 6 4 5
0 63 7 3 6
0 63 27 4 11
0 63 28 3 18
0 63 30 7 8 17
0 63 32 16
0 64 6 1 5
0 64 7 4 6
0 64 28 4 11
0 64 29 3 7
0 64 30 7 11
0 64 31 12 17
0 65 29 3 4 15
0 65 31 7
0 66 27 8 11
0 66 28 5 12
0 66 29 4 6 7
0 66 30 18
0 67 30 16
0 68 27 1
0 68 28 5
0 68 29 6 12 16 17
0 69 28 3 7 12 16 17
0 70 27 16 17
0 70 28 3 4
0 71 26 17
0 71 28 4
0 73 18 11 15
0 73 19 5 7
0 73 20 6 7
0 73 29 5 15
0 73 30 6
0 74 19 5 18
0 74 20 6 8
0 74 29 5
0 74 30 1 6 18
0 75 18 1 15
0 75 29 11
0 76 19 7 11 18
0 76 20 1 15
0 77 21 7 18
0 78 21 1 7
0 78 22 12
0 78 25 3 16
0 79 21 8
0 79 24 15 17
0 79 25 4 15
0 80 22 11 16
0 80 24 5 12
0 80 25 6 18
0 80 26 11 15 18
0 81 21 16 17
0 81 24 1 11
0 81 27 7 18
0 82 20 5 17
0 82 21 6 8
0 82 22 11
0 82 23 12
0 83 24 3 8
0 84 24 4 8
0 86 22 1 11
0 87 22 1 5
0 87 23 6
1 29 3 7 15
1 30 3 7
1 30 4 3 18
1 31 2 5 8
1 31 3 2 6
1 31 4 4 14
1 32 3 12 15
1 32 5 7 9
1 33 4 13 18
1 33 8 9 15
1 34 4 7 14
1 34 5 1 13
1 34 6 2 5
1 34 7 6 7
1 34 9 11 18
1 34 11 1 8 11 12
1 35 6 5 12
1 35 7 6 7
1 36 6 1 10 12
1 37 10 1
1 38 0 8 10
1 38 1 1 15
1 38 10 3 9
1 39 1 3 11
1 39 2 2 18
1 39 5 1 13
1 39 10 4 7
1 39 11 9 14 15
1 39 13 16
1 40 1 3 4
1 40 2 1 10
1 40 4 5 13
1 40 5 6 15
1 40 6 9 12
1 40 7 5 14
1 40 8 1 6
1 40 9 1 5
1 40 10 5 6
1 40 11 6 7
1 40 12 3 15 17 18
1 41 1 4 15
1 41 2 3 12
1 41 5 1 15
1 41 6 14 18
1 41 7 3 15
1 41 9 15 16
1 41 10 8 9
1 41 12 4 13
1 41 13 18
1 42 2 4 18
1 42 3 1
1 42 5 12 13
1 42 6 13 15 18
1 42 7 4 9
1 42 8 17 18
1 42 10 1 18
1 42 11 12 13
1 42 12 14 16
1 42 13 2 5
1 42 14 6 13
1 43 7 18
1 43 10 1 5
1 43 11 6 14 17
1 43 13 3 8
1 43 15 10 12
1 44 7 3 13
1 44 11 8 10
1 44 13 4 16
1 44 14 7 10 11
1 45 5 5
1 45 6 5 6 14
1 45 7 3 4 6
1 45 12 2 17
1 45 14 7
1 46 4 9
1 46 7 4 11
1 46 12 9 13
1 46 13 10 16
1 46 14 1 14
1 47 0 7 15
1 47 1 3 9
1 47 2 11 12
1 47 3 15
1 47 4 5 12
1 47 5 6 16
1 47 6 13 16
1 47 11 5 13
1 47 12 6 16 17
1 47 13 7 12
1 48 0 2 3 8 15
1 48 1 4 18
1 48 3 5
1 48 4 1 6 13 14 16 17 18
1 48 5 9 10 11 16 17
1 48 6 5 9 13
1 48 7 6 13
1 48 10 2 11
1 48 11 3 17
1 48 12 12 14
1 48 13 8
1 49 0 3 4
1 49 1 9 18
1 49 3 17
1 49 4 15 17
1 49 5 12 14 16
1 49 6 12 16
1 49 10 5 10
1 49 11 4 6
1 49 12 11 12
1 49 13 11 14
1 49 14 8
1 50 0 1 4
1 50 3 3 16
1 50 4 7 17
1 50 5 7 9 17 18
1 50 6 10
1 50 39 5 15
1 50 40 6 9
1 50 41 2 9
1 51 2 7 13 17
1 51 3 4 16
1 51 5 9 12
1 51 13 1 10 15 16
1 51 14 1 3
1 51 40 9 18
1 51 41 12 14
1 51 42 12
1 52 0 5 9
1 52 1 5 6 10
1 52 2 3 6 7 17
1 52 3 10
1 52 12 3 17
1 52 14 4 18
1 52 41 5 9
1 52 42 6 16
1 53 0 1 11
1 53 2 4 16
1 53 4 5 7
1 53 5 6 11
1 53 11 8 11
1 53 12 4 16
1 53 41 5 17
1 53 42 3 6
1 54 0 1 10
1 54 1 17
1 54 3 11 12
1 54 4 2 8 9
1 54 5 5 12
1 54 6 6
1 54 11 11 17
1 54 14 11 12
1 54 42 3 4
1 55 3 1
1 55 42 2 4
1 56 4 11
1 56 7 15
1 56 9 5 10 16
1 56 10 6 7
1 57 8 9 10 17 18
1 57 10 9 14
1 57 11 8 16
1 57 39 3 8 13
1 57 40 9 16
1 58 7 13
1 58 10 8 15 17
1 58 11 2 8
1 58 12 8 14
1 58 36 9 15
1 58 38 5
1 58 39 1 4 6 10 17
1 58 41 2 16
1 59 11 18
1 59 37 13 18
1 59 40 17
1 61 6 1 9
1 61 26 9 15
1 61 38 12 14
1 62 27 7 18
1 62 30 9
1 63 26 10 15
1 63 28 11 14
1 63 29 15
1 63 30 7 16
1 63 31 5 12
1 63 32 1 6
1 63 33 1 12
1 64 6 2 3
1 64 21 16
1 64 27 15 18
1 64 28 1 8
1 64 29 14 17
1 64 30 1 3 10 11 13 18
1 64 31 7 14
1 65 6 4 11
1 65 12 7
1 65 20 11 15 17
1 65 26 5 7
1 65 27 6 9
1 65 28 3 18
1 65 29 10 15
1 65 30 4 10
1 66 4 11
1 66 13 15 16
1 66 20 1 15
1 66 21 3 18
1 66 26 3
1 66 27 3 13
1 66 28 4 14
1 66 29 5 7 12 16
1 66 30 6 18
1 66 31 3 10
1 67 6 8
1 67 12 12 17
1 67 14 11 18
1 67 21 4 18
1 67 26 4 7 8 11
1 67 27 4 15
1 67 28 17
1 67 29 10 15
1 67 31 4 7 8
1 68 27 2 12
1 68 28 1 5 7 11 13 18
1 68 29 6 16
1 68 30 18
1 69 14 7 8
1 69 26 8 15
1 69 27 13
1 69 28 17
1 69 31 8
1 70 27 18
1 70 28 10 12
1 73 19 14 15
1 73 20 9 11
1 73 29 7 15
1 73 30 3 5
1 73 31 6 8 15
1 74 19 3 10
1 74 20 10 18
1 74 28 5 15
1 74 29 6 12
1 74 30 2 3 4 16 18
1 74 32 8 18
1 75 18 2 5
1 75 19 4 6
1 75 29 17 18
1 75 30 4 14
1 76 20 2 14
1 77 19 10
1 77 20 7
1 78 21 2 5 9 10 12 13 15
1 78 22 6
1 79 20 7 12
1 79 21 7 10
1 79 22 11 18
1 80 20 15
1 80 22 1 3
1 80 23 13 14
1 80 26 5 16
1 80 27 6 14
1 81 21 3 9 18
1 81 22 1 4
1 81 24 1 2
1 81 25 14 17
1 82 19 7
1 82 21 4 12
1 82 22 1 13
1 82 23 7 14
1 82 24 8 9
1 82 27 10
1 83 22 8
1 83 23 8
1 83 24 8 9
1 84 20 8 15
1 84 21 3 15
1 84 22 12
1 85 21 4 18
1 85 22 15 18
1 86 21 3 5
1 86 22 2 6
1 86 23 14 18
1 87 21 4 5
1 87 22 2 6 8
2 26 4 15
2 27 5 8 18
2 29 2 8 12
2 30 2 3 9
2 30 3 7 10
2 30 4 16
2 31 2 4 12
2 31 3 8 10 15 16 17
2 32 2 13 17
2 32 4 8 18
2 32 5 3 15
2 33 5 4 10
2 33 6 16 18
2 33 11 8 9
2 33 12 1 7
2 34 3 11 15
2 34 5 2 17
2 34 10 13 14
2 34 11 2 15
2 34 12 8 14
2 35 4 7 10 18
2 35 5 11 13
2 35 6 5 7
2 35 7 6 10
2 35 8 11 16
2 35 10 11 12
2 35 12 18
2 36 5 12 13
2 36 6 1 2
2 36 7 10 17
2 37 0 9 11
2 37 2 16
2 37 10 2 7 15
2 38 1 2 5 15 17
2 38 2 6
2 38 11 8 18
2 39 2 14 18
2 39 3 1 3
2 39 5 2
2 40 1 3 12
2 40 2 2 3
2 40 3 4 16
2 40 5 13 16
2 40 8 2 5
2 40 9 2 6
2 40 10 9 10
2 40 11 3 12
2 41 1 4 13
2 41 2 4 17
2 41 4 3 16 17
2 41 5 2 11
2 41 6 8
2 41 11 4 10
2 42 2 1 11
2 42 3 2 17
2 42 4 4 13
2 42 10 2 13
2 42 13 9 12
2 43 8 8
2 43 10 2 5
2 43 11 6 9
2 43 12 7 15
2 43 13 5 16
2 43 14 6 13
2 44 1 3 5
2 44 2 6 8
2 44 6 12
2 44 11 1 5
2 44 12 5 6 17
2 44 13 6 18
2 44 15 14
2 45 1 4 7
2 45 11 15
2 45 14 1 10 12
2 45 15 3
2 46 8 11 14
2 46 11 8 15
2 46 12 5 18
2 46 13 3 6 7 8
2 46 14 2 5 10 11
2 46 15 4 6
2 46 17 12
2 47 0 1 9
2 47 1 8 13
2 47 3 13 14
2 47 4 15 16
2 47 5 15
2 47 11 5
2 47 12 1 6 13 18
2 47 13 4 9
2 48 0 1 10
2 48 3 7 17
2 48 4 2
2 48 5 8 18
2 48 6 5 8 14 18
2 48 7 6 7
2 48 11 13 14
2 48 13 3 5 10
2 48 14 6 9
2 49 2 11 16
2 49 4 5 13
2 49 5 5 6 13
2 49 6 6
2 49 11 13
2 49 13 4 5 14
2 49 14 6 14
2 50 0 1 2
2 50 1 1 11 12 17
2 50 2 1
2 51 2 3 7
2 51 4 10 13
2 51 5 1 10
2 51 13 2 15
2 51 14 2 16
2 51 40 1 13
2 51 41 12 13
2 52 1 3 8
2 52 2 4 10 11
2 52 3 1
2 52 4 11
2 52 10 15
2 52 11 3 9
2 52 13 1 17
2 52 14 18
2 53 0 2 7
2 53 1 4 14
2 53 2 10
2 53 4 3 9
2 53 6 7 14
2 53 11 4 15 18
2 53 12 11 14
2 53 14 1 15
2 54 0 1 2 3
2 54 2 13
2 54 3 11
2 54 4 4 10 13 14
2 54 5 7 11
2 54 12 14 18
2 54 13 12 13
2 54 14 7
2 54 15 14 18
2 55 0 4
2 55 3 2 11
2 55 5 12
2 55 12 5 11
2 55 13 6 12
2 55 17 8 12
2 56 4 8
2 56 5 8 14
2 56 11 9
2 56 39 1 9
2 57 6 3
2 57 7 7
2 57 10 7 9 10
2 57 11 7 9
2 57 12 9
2 58 6 4 7 15
2 58 7 3 8
2 58 10 3 11
2 58 39 2
2 59 7 3 4 8 18
2 59 10 4 7
2 60 7 4 15
2 61 6 2 12
2 61 8 8 18
2 61 37 13 16
2 62 28 8 11 12
2 62 36 16 17
2 63 27 10 12
2 63 28 9
2 63 29 5 14
2 63 30 6 13
2 63 32 2 13
2 63 33 1 2
2 63 35 16 17
2 64 18 7
2 64 28 1 2 5 12
2 64 29 6 16
2 64 30 2 10
2 64 31 14
2 64 34 8 17
2 65 7 14 16
2 65 19 7 8 12 15
2 65 20 5 12
2 65 21 6 14
2 65 28 16 17
2 65 29 12 16
2 65 31 10 15
2 66 5 5 14
2 66 6 6 9 12 17
2 66 12 7 10
2 66 20 2 18
2 66 26 9 10
2 66 27 15 17
2 66 28 3 13 17
2 66 29 5 8
2 66 30 6 8
2 66 31 8 9
2 66 32 16 18
2 67 11 13 16
2 67 15 7 14
2 67 18 8 12
2 67 25 3 5
2 67 26 6 7
2 67 27 14
2 67 28 4 18
2 67 29 10
2 67 31 3 17
2 68 10 11 17
2 68 13 7 11
2 68 14 9 11
2 68 25 4 5
2 68 26 6 8 9 10 12 13
2 68 27 7 15
2 68 28 2
2 68 29 8 14
2 68 31 4 9 10
2 69 28 10 18
2 70 14 1 10
2 70 27 13
2 72 31 9
2 73 21 11 14
2 73 32 9 16
2 74 28 13 15
2 74 29 10
2 74 31 16 17
2 75 20 8
2 75 25 7 15
2 75 29 12 18
2 75 30 7 17
2 76 26 11 18
2 77 30 3 8
2 78 20 10 13
2 78 30 1 4
2 79 18 5 12
2 79 19 6 13
2 79 23 14
2 80 20 10 15
2 80 21 10 16
2 80 22 2 16
2 81 20 15 17
2 81 21 17 18
2 81 22 2 5
2 81 23 6 7
2 81 24 2 9
2 82 18 15
2 82 19 12
2 82 20 11 13
2 82 21 7 18
2 82 22 1 2 5 9 15
2 82 23 1 5 6 8 9 16
2 82 24 6 9
2 83 19 8 10 12 15 18
2 83 20 1 9
2 83 22 7 17
2 83 23 7 10 15 18
2 84 20 18
2 84 21 3 8 13
2 84 24 18
2 85 21 4
2 86 21 1 3 16
2 86 22 3 9
2 87 20 17
2 87 21 4 5 11
2 87 22 4 6
3 25 4 15
3 25 5 7
3 26 0 7 8
3 26 5 9 11 16 18
3 26 7 1 7
3 27 0 5 7
3 27 1 6 15
3 27 4 5 17
3 27 5 6 12
3 28 2 9 18
3 29 1 1 13
3 30 2 12 16
3 30 3 7 9
3 31 1 13 17
3 31 3 8 10
3 31 4 9
3 32 11 9
3 33 5 5 16
3 33 6 3 6
3 33 12 2 9
3 34 4 14 17
3 34 5 3 8
3 34 6 4 16
3 34 9 3
3 34 12 10 11 15
3 34 14 16
3 35 5 4 17
3 35 6 7 14
3 35 9 4 13 14
3 35 11 7 14
3 35 13 17 18
3 36 4 10 13
3 36 6 2 10
3 36 10 3 7
3 37 0 5
3 37 1 6 14 16
3 37 10 4 5
3 37 11 6 9
3 38 0 7 17
3 38 2 11 12 15
3 38 6 1 11
3 38 10 7 10 15
3 39 3 2 18
3 39 5 5
3 39 6 6 12
3 39 10 5 15
3 39 11 6 18
3 40 0 11 13
3 40 6 1 9
3 40 10 13 15
3 40 11 3 18
3 41 3 3
3 41 6 5 14
3 41 7 3 6
3 41 11 4 18
3 42 2 2 3
3 42 3 4 7 12 14
3 42 5 12 16
3 42 7 1 4 5
3 42 8 6 9
3 42 11 12 15
3 42 12 7 13
3 43 2 4 9
3 43 4 11 17
3 43 6 7
3 43 12 3 18
3 43 14 7 12
3 44 5 8 13
3 44 6 1 11
3 44 11 2
3 44 12 4 10
3 44 14 3
3 45 1 11 12
3 45 6 15
3 45 11 9 15
3 45 12 5 8
3 45 13 6 9 13
3 45 14 2 4
3 46 1 9 10
3 46 6 3
3 46 7 16 18
3 46 9 11 14
3 46 12 5 18
3 46 13 6 12
3 46 15 5 8 14
3 46 16 6 13
3 47 0 2
3 47 5 9 12
3 47 6 4 9 17
3 47 12 2
3 47 13 10
3 48 0 2 3 15
3 49 0 4
3 49 1 7 18
3 49 3 10 14
3 49 6 8 11
3 49 7 10
3 50 0 2 13
3 50 1 2
3 50 2 2 14
3 51 1 8 9
3 51 5 2
3 51 13 3
3 51 40 2 13
3 52 2 10 11
3 52 3 2 14
3 52 5 11 14
3 52 7 8 16
3 52 13 2 4 5 11 15
3 52 14 6
3 53 6 8 17
3 53 13 3 14
3 53 14 2 18
3 54 0 2 10
3 54 3 5
3 54 4 3 6 11 14
3 54 5 8 16
3 54 6 10 14
3 54 12 12 13
3 54 13 4 16
3 54 15 15 16
3 54 17 9 11
3 54 18 3 16
3 55 3 5 15
3 55 4 4 6 7 8 9 13 14 16 17
3 55 5 3 9 10 16
3 55 12 13 17
3 55 13 7 14
3 55 14 8 10 16 17
3 55 16 13 18
3 55 17 15 17
3 55 18 4 11
3 56 3 1 17
3 56 4 17 18
3 56 5 4
3 56 13 17
3 56 17 5 8
3 56 18 6 18
3 56 39 2
3 57 7 9
3 57 8 5 7
3 57 9 3 6
3 58 7 9 10 11
3 58 8 12 15
3 58 9 4 8
3 58 10 1 10
3 58 11 10 14
3 59 6 10
3 59 9 8 18
3 60 8 1 9
3 60 10 10 12
3 61 5 12 13
3 61 28 9
3 62 27 3 13
3 62 28 11 12
3 62 29 5 14
3 62 30 6 16
3 63 20 3 16
3 63 26 11 13
3 63 27 1 4
3 63 29 8 17
3 63 32 3
3 63 33 2 5
3 63 34 6 9
3 64 19 9 17
3 64 20 1 4
3 64 27 13
3 64 28 2 5
3 64 29 3 6
3 64 31 1 7
3 64 32 4 11 12
3 65 17 1 12
3 65 18 10 13
3 65 19 5 13
3 65 20 1 6
3 65 28 13
3 65 29 4 9
3 65 30 5 9
3 65 31 6 9
3 66 5 13 15
3 66 18 1 9
3 66 19 10 16
3 66 28 8
3 67 6 12 18
3 67 11 15
3 67 12 3 5 7 8 10 12 16
3 67 13 6
3 67 17 1 12 13
3 67 18 17
3 67 25 5
3 67 26 6 9
3 67 29 9
3 68 11 14 17
3 68 12 4 18
3 68 14 1 14
3 68 15 10 14
3 68 25 11 13
3 68 26 10 15
3 69 13 10 15
3 69 27 10 18
3 70 14 2 18
3 72 1 11
3 73 22 3 12 14
3 74 20 7 9
3 74 21 5 12
3 74 22 4 6
3 74 23 1 15
3 74 24 1 5
3 74 25 6
3 75 24 5 18
3 75 25 1 6
3 75 28 13 16
3 76 25 8 10
3 76 27 14 17
3 76 30 9 10
3 77 20 15
3 78 20 11 15
3 78 21 1 18
3 78 29 5 11
3 78 30 2 6
3 79 17 11 13
3 79 21 16 18
3 80 20 5 17
3 80 21 3 6
3 81 20 5 16
3 81 21 4 6
3 81 23 9
3 82 17 12 15
3 82 18 3 13 15
3 82 19 9 17
3 82 21 14 16
3 82 22 2 3
3 82 23 2 10
3 83 17 5
3 83 18 4 6 7 13 18
3 83 19 1 18
3 83 20 2 17
3 83 21 3 8 9 10
3 83 22 4
3 83 23 3
3 84 20 1 15
3 84 21 4 15
3 84 22 10
3 84 23 4 10
3 85 19 5
3 85 20 1 6 8
3 85 21 5 18
3 85 22 6 18
3 86 21 2 11
3 87 22 14 16
3 88 21 17
4 24 4 15 16
4 25 0 9 11
4 25 1 1
4 25 3 17
4 25 5 3 5 18
4 25 6 6 11
4 25 7 11 16
4 26 5 4 7 10 12
4 26 6 14 17
4 26 7 2 8
4 27 0 3 10
4 27 4 3 13
4 27 7 10 11
4 28 0 4 8 10
4 28 4 4 7
4 29 1 2 3
4 30 1 4 13
4 30 3 3 9
4 31 3 4 10
4 32 13 7
4 32 15 11
4 33 5 7 9
4 34 4 8 16
4 34 13 11 14
4 35 3 15 17
4 35 4 3 11
4 35 6 3 12
4 35 10 8 15
4 36 4 4 18
4 36 6 4 10
4 36 11 10 18
4 37 3 15
4 37 10 10 11
4 38 1 13 16
4 38 3 14
4 38 4 15 18
4 38 6 2 11 16
4 38 7 14
4 39 0 10 17
4 39 5 5 13 17 18
4 39 6 6 8
4 39 10 10 16
4 40 1 11 14
4 40 6 2 8 16
4 40 7 11 12
4 40 9 17
4 41 5 8 17
4 41 6 15 16
4 41 13 15
4 42 2 7 13
4 42 4 5 13
4 42 5 6 17
4 42 6 16
4 42 7 2 18
4 42 9 1 5
4 42 10 6 13
4 42 13 7 15
4 42 14 16 18
4 43 3 1 10
4 43 5 3 9 14 17
4 43 7 16
4 43 12 10 15
4 43 13 5 13 17
4 43 14 6 18
4 43 15 16
4 44 4 1 15
4 44 5 4 12
4 44 6 2 10 12 17
4 44 7 12 14
4 44 12 9 15
4 44 13 5 12 18
4 44 14 6 7 10 17
4 45 0 13 15
4 45 2 12 14
4 45 5 8 18
4 45 7 11 12
4 45 9 5 8 12
4 45 10 3 6
4 45 12 3 15
4 45 13 3 18
4 45 15 1 9
4 46 1 11 18
4 46 10 4 14
4 46 12 4 13
4 46 13 4 18
4 47 4 11 13
4 47 6 3 12
4 48 6 4 9
4 49 5 3 12
4 49 6 7
4 49 7 12 14
4 50 1 9 10
4 50 5 4 11
4 50 6 8 15
4 51 3 12 15
4 51 7 9 18
4 52 2 1 8
4 52 3 5 14
4 52 4 6 18
4 52 6 1 9 14
4 52 14 14
4 53 5 9
4 53 13 7
4 53 16 5 8
4 53 17 6 7
4 54 2 5 8
4 54 3 6 15
4 54 4 9
4 54 5 14
4 54 11 1 12 13
4 54 13 7 8
4 54 14 9 12
4 54 18 7 14
4 55 4 15 18
4 55 5 5 8
4 55 6 6 16
4 55 16 5
4 55 17 6 9 15
4 55 18 5 16
4 55 19 6 14
4 56 3 2
4 56 4 1 10
4 56 5 17 18
4 56 8 15
4 56 9 3 11
4 56 13 10 12
4 56 17 11 17
4 56 18 7 18
4 57 9 4 9 12 18
4 58 3 8
4 58 7 12 13
4 58 8 10 14
4 58 9 3 9
4 58 10 2 16
4 59 9 4 7 17
4 60 8 2 5
4 60 9 6 13
4 61 4 12 13
4 62 27 5 13
4 62 28 6 11
4 62 29 9 14
4 62 32 3 11 15
4 63 27 2 14
4 63 28 3 5
4 63 29 1 6
4 63 32 4 15
4 63 33 18
4 64 16 12 15
4 64 19 7 16
4 64 20 1 2
4 64 28 3 4 5
4 64 29 3 6
4 64 31 2 13 15
4 64 33 14 18
4 65 16 11 13
4 65 17 2 18
4 65 18 3 17
4 65 20 2 7
4 65 28 4 9
4 65 29 4 15
4 65 30 3 11
4 65 31 10
4 65 32 11 18
4 66 10 5 12
4 66 11 3 6
4 66 12 9
4 66 18 2 4
4 66 30 4 18
4 67 5 7 13
4 67 11 4 13
4 67 16 3 13
4 67 17 2 8
4 68 12 8 10
4 68 14 2 16
4 68 16 4
4 68 26 14
4 68 33 7 8
4 69 13 3 17
4 70 13 4 11
4 70 20 1
4 70 21 12
4 71 3 3 12
4 72 2 5 11 14 16
4 72 3 4 6
4 72 26 1 16
4 73 1 17
4 73 21 13
4 73 23 11 15
4 73 25 11 17
4 74 20 3 13
4 74 22 16
4 74 23 2 5
4 74 24 2 6 18
4 75 20 4 5 10
4 75 21 6 8 17
4 75 25 2 9
4 76 33 11 16
4 77 31 5 16
4 77 32 6 17
4 78 18 3 5
4 78 19 6 11
4 78 21 2 14 15
4 78 23 7 12
4 78 30 14 17
4 79 18 4 14
4 79 22 11 18
4 79 27 7
4 81 21 3
4 81 28 1
4 82 16 13
4 82 21 4 9
4 82 28 3 8
4 83 18 5 11
4 83 19 2 6
4 83 20 3 12
4 83 28 4 16
4 84 18 10
4 84 19 11
4 84 20 2 4 9
4 84 27 11 17
4 85 20 1 2
4 86 22 3 14
4 87 22 4 11
5 25 1 1 2 14 15
5 25 2 1 12
5 25 7 9 14
5 25 8 7 14
5 26 2 18
5 26 4 13
5 27 0 9
5 27 5 8 10 15
5 27 7 12
5 27 8 1 14
5 28 6 18
5 29 4 3 10
5 29 5 8 16
5 30 4 4 17
5 32 2 11 12
5 32 16 7 14
5 33 1 7
5 33 4 1 9
5 33 13 8 10 15
5 34 4 5 12
5 34 5 6 10
5 34 10 7 9 15
5 34 14 14 18
5 34 16 8 12
5 35 5 13 14
5 35 11 1 18
5 36 2 8 11
5 37 8 7
5 37 11 14 15
5 37 13 11 16
5 38 6 3 9
5 38 7 11 14
5 38 12 17 18
5 39 5 11
5 39 6 4 9
5 40 2 3 5 14
5 40 3 6
5 40 5 1 9 12 16
5 40 6 5 13
5 40 7 6 8
5 40 8 14 16
5 41 2 4 11
5 41 4 17
5 41 5 1 16
5 41 7 12 17
5 42 4 8 17
5 42 5 1 12
5 42 6 8
5 42 9 2 12
5 42 13 16
5 43 2 10
5 43 3 2 12
5 43 6 3 15
5 43 12 5 17
5 43 13 3 6 10
5 43 14 12
5 44 4 2 13
5 44 5 9 13
5 44 6 4 13
5 44 7 8 18
5 44 9 1 9
5 44 12 8 13 15
5 44 13 1 4
5 45 1 12 13
5 45 6 7 11 13
5 45 8 13 14
5 45 13 18
5 45 14 3 10
5 45 15 2 8
5 46 2 11 14
5 46 14 4
5 47 3 1 12
5 47 5 13 14
5 48 1 1 16
5 48 6 7 16
5 49 0 8 17
5 49 3 5
5 49 4 6 8 13
5 49 5 15 17
5 49 6 9 13
5 49 7 7 8
5 50 6 10 14 16 18
5 51 2 9 13
5 51 5 17
5 51 6 1 7
5 52 1 5 15
5 52 2 2 6
5 52 6 2 11
5 52 8 1 12
5 52 16 3 9
5 53 2 9 18
5 53 10 15
5 53 13 1 9
5 53 15 5 8
5 53 16 4 6
5 54 5 7 9
5 54 10 3 13
5 54 11 2 18
5 54 12 7 15 16
5 54 13 8 10 13
5 54 17 10 11
5 55 10 3 4
5 55 11 15 17
5 55 13 10 18
5 55 18 5 10
5 55 19 6 16
5 56 2 11
5 56 4 2 12
5 56 5 1 3
5 56 10 4 14
5 56 12 13 18
5 56 18 14 17
5 57 3 8 9
5 57 5 4 7
5 57 6 1
5 57 8 13 15
5 57 17 1 5
5 57 18 6 10
5 58 6 8 13
5 58 9 18
5 60 9 10
5 61 3 8 13
5 61 30 8 11 16
5 62 29 14 15 16 17
5 62 30 8 16
5 62 31 12
5 62 33 12 14
5 63 27 5
5 63 28 6 17
5 63 29 2 17
5 63 30 12 18
5 64 15 7 13
5 64 20 2 8
5 64 29 8 15
5 65 17 3 14
5 65 19 10 15
5 65 29 1 5 8
5 65 30 6 18
5 65 31 12 14
5 65 33 1 14
5 66 9 11 13
5 66 17 4 9
5 66 20 10 18
5 66 30 8
5 66 32 1 8
5 67 10 3 8
5 67 12 9
5 67 21 5 15
5 67 22 1 6
5 67 33 8 9 16
5 68 5 7 10
5 68 10 4 11
5 68 22 1 18
5 68 32 17
5 69 13 1 7 15
5 69 19 8 15
5 69 20 3
5 69 31 7
5 69 33 10 12
5 70 5 8 16
5 70 14 14 18
5 70 20 1 2 3 4 13 15 18
5 70 21 7
5 70 22 3 7
5 70 31 1 15
5 71 2 11 13
5 71 4 3 16 17
5 71 20 4 11
5 71 21 18
5 71 22 4
5 71 24 1 15
5 71 25 15 16
5 71 32 18
5 72 3 14 17
5 72 4 4
5 72 24 1 17
5 72 25 7 18
5 72 26 2 18
5 72 28 8
5 73 24 7 14
5 73 26 12 14
5 73 29 1 8
5 74 21 8 9
5 76 26 5 8
5 76 27 6 7
5 76 34 1 14
5 77 28 7 16
5 78 20 14 15
5 78 22 1 13
5 78 27 8 17
5 79 21 8 18
5 79 23 10 14
5 79 28 12 15
5 80 27 10 15
5 80 29 16 18
5 81 28 2 7 9 16 17 18
5 82 27 12 17
5 83 19 13 14 15
5 84 20 14 18
5 84 28 14 16
5 85 20 2
5 85 27 16 17
5 86 26 1 17
5 87 23 3 11 12 14
5 88 23 4 5
5 88 24 6
6 24 0 3 11
6 25 0 4 7
6 25 1 2 13
6 25 2 2 3
6 26 0 1 15
6 26 1 8 11
6 26 2 4 7
6 26 3 11 12
6 26 5 9 12
6 26 7 5 15
6 26 8 6 10
6 27 1 18
6 27 2 7 12
6 27 4 5
6 27 5 1 5 6 7
6 27 6 6 13
6 27 8 2 18
6 28 5 8 9
6 32 1 13 16
6 32 3 12 14
6 32 12 3 5
6 32 13 6 9
6 32 14 5
6 32 15 6 15
6 33 0 15 17
6 33 4 2 12
6 33 12 4 7
6 33 15 5 16
6 33 16 6 9 10 18
6 34 1 8 10 18
6 34 2 8
6 34 3 13 16
6 34 14 12 17
6 34 15 3 8 13
6 35 0 7 11
6 35 2 9 17
6 35 3 1
6 35 10 8 10
6 35 11 2
6 35 13 8 12
6 35 15 4 16
6 36 3 14 16
6 36 14 11 17
6 36 15 1 8 16
6 37 0 3 5
6 37 1 6 11
6 37 2 15 17
6 37 6 7
6 37 8 3
6 37 9 11 12
6 37 14 14 17
6 38 0 4 7
6 38 3 11 18
6 38 7 3 8
6 38 8 1 4 10 14
6 39 2 12
6 39 5 8 12
6 39 6 7 14
6 39 7 4 9
6 40 0 8 11
6 40 4 13
6 40 5 2 16
6 40 6 7 12
6 41 2 11 15
6 41 3 7 14
6 41 4 9 17
6 41 5 2 8
6 41 6 5 9 13
6 41 7 5 6
6 41 8 6 7
6 42 0 1
6 42 2 16
6 42 3 16 18
6 42 4 3 13
6 42 5 2 11
6 42 8 13 16
6 43 0 8 15
6 43 1 5 17
6 43 2 6 13 17
6 43 4 4 12
6 43 7 9 17
6 43 12 5 9 11
6 43 13 6 13
6 44 1 1 18
6 44 9 2
6 44 13 2 15
6 44 15 8 9
6 44 16 1
6 45 0 11 13
6 45 7 14
6 45 14 11 18
6 46 3 7 14
6 46 5 3
6 46 6 5 10
6 46 7 1 6
6 47 2 13 16
6 47 3 2 12
6 47 5 3 4
6 47 6 7 15
6 48 0 3 9
6 48 1 2 17
6 48 3 3 16
6 48 4 8 9
6 48 5 1 3 4 11
6 48 7 9 18
6 49 0 4 5
6 49 1 5 6
6 49 2 6 7 17
6 49 3 3 4
6 49 4 1 16
6 49 5 4
6 49 6 8 10
6 50 3 4 17
6 50 4 5
6 50 5 5 6
6 50 6 6 7 8 12 15
6 50 7 8 10
6 51 5 5 7
6 51 6 2 5 6 11
6 51 7 6 18
6 52 3 11
6 52 4 1
6 52 6 10
6 52 7 13 14
6 52 8 1 2
6 52 15 7 8 9
6 53 13 2 9
6 53 19 7
6 54 17 15
6 54 18 7 14
6 54 20 12
6 55 5 1 10
6 55 12 1 10
6 55 18 1 18
6 56 3 9 11 13 14
6 56 5 2 12
6 57 6 2 9 16
6 57 17 2 8
6 58 5 10 17
6 59 4 11 16
6 59 31 16
6 60 3 9 17
6 60 29 3 8
6 60 30 9 17
6 61 29 1 4 5
6 61 30 3 6 9
6 61 31 14
6 62 29 8 16
6 62 30 4 13
6 62 32 8 13
6 63 20 3 9 11
6 63 27 15
6 63 28 3 17
6 63 29 9 13
6 63 30 8 16
6 64 20 4 15
6 64 28 3 4 11 18
6 64 29 9 17
6 64 33 16
6 65 15 10 15
6 65 21 15 18
6 65 28 4
6 65 29 2
6 65 30 8 9 11 13
6 65 32 8 9 16 17
6 65 33 2 3
6 66 10 9 14
6 66 16 3 18
6 66 22 15 18
6 66 31 17
6 66 32 2 3
6 66 33 4 9
6 67 16 4 16
6 67 22 2 8 11
6 67 23 15 18
6 67 32 4 15
6 67 34 7 12
6 68 9 11
6 68 11 7 14
6 68 14 5 16
6 68 15 6 17
6 68 19 9 15
6 68 21 5 8
6 68 22 2 6
6 68 24 3 18
6 68 33 11 18
6 69 5 9 10
6 69 13 2 17
6 69 20 8 18
6 69 24 4 5
6 69 25 6 15
6 69 31 3
6 69 32 3 13
6 70 2 1 3
6 70 3 12 15
6 70 5 3 8
6 70 6 16
6 70 13 10
6 70 20 2 5
6 70 21 6
6 70 26 12 18
6 70 27 7
6 70 29 3 7
6 70 31 1 2 4 5 8 10 15 16
6 70 32 4 6
6 71 2 4 5 11
6 71 3 6 14
6 71 4 3 18
6 71 5 3 4 7 17
6 71 21 5 10 14
6 71 22 1 6 10 11
6 71 24 2 12
6 71 26 11
6 71 27 3
6 71 28 9 12
6 71 29 4
6 71 30 15 17
6 71 32 8 18
6 72 4 4 7
6 72 5 4 12
6 72 24 2 3
6 72 27 4 8
6 72 29 1 9
6 72 31 18
6 73 3 1
6 73 4 1
6 73 21 5 9
6 73 22 6 15
6 73 24 4 8
6 73 25 10 13
6 73 29 2 5
6 73 30 6 8
6 73 33 12 15
6 74 23 5 18
6 74 24 6 10
6 74 34 16 18
6 75 26 8 9
6 75 33 8 17
6 76 34 2 12
6 77 21 15
6 77 22 3
6 77 27 9 10
6 78 21 5 9
6 78 22 1 2 3 4 6 7 8 15 16 18
6 78 28 7 10
6 79 21 17
6 79 22 4
6 79 23 18
6 79 27 11 13
6 80 22 8
6 82 26 13
6 82 28 10
6 86 26 2 16
6 87 22 13
6 87 24 5 14
6 87 25 6 17
7 24 1 12 14
7 25 0 7 8
7 25 1 9 11 12
7 25 3 5 16
7 25 4 6
7 26 0 2 5 10
7 26 1 6 8 16
7 26 2 1 13 14 17
7 26 3 12
7 26 4 13 14
7 27 0 17
7 27 1 13 16
7 27 2 10 15
7 27 5 2 9
7 28 0 8 17
7 28 2 5 10
7 28 3 6 18
7 28 5 7 10
7 29 4 11 16
7 29 6 1 11
7 30 3 3 17
7 31 3 4 16
7 32 2 13 17
7 32 16 16
7 33 1 9 11
7 33 2 3 9
7 33 3 3 13
7 33 4 16
7 33 15 9 17
7 34 1 5
7 34 2 4 5 6 7 12 15 16
7 34 3 4 6 17
7 34 4 5 12
7 34 5 6
7 34 10 8 9
7 34 12 7 10
7 34 13 9 13
7 35 1 14 17
7 35 3 2 18
7 35 4 8
7 35 12 1 13
7 35 15 9
7 36 0 5 10
7 36 1 5 6 15
7 36 2 1 6
7 36 9 11 15
7 36 15 2 14
7 37 2 14 18
7 37 7 8 9
7 37 8 3 13
7 37 10 14 18
7 38 4 14 15 16
7 38 5 9 11
7 38 6 3 7 10 11
7 38 7 12
7 38 8 2 3 4 5 7
7 38 9 6
7 39 0 5 9 10
7 39 1 6 13
7 39 3 1 17
7 39 4 5 13
7 39 5 6 18
7 39 6 4 5
7 39 7 6
7 39 8 3 4
7 40 1 14 16
7 40 5 9 13
7 40 6 3 7 8 10
7 40 8 4
7 41 0 8 17
7 41 3 14 15
7 41 4 5 11
7 41 5 6 12
7 41 6 4 10
7 41 7 12
7 42 0 2 3 9
7 42 3 1 10
7 42 4 8 18
7 42 6 1 14
7 42 8 5 10
7 42 9 6 12
7 42 15 15
7 43 0 4 7
7 43 3 12 13
7 43 13 14
7 43 15 7 9
7 43 16 3 18
7 44 1 2 15
7 44 2 8
7 44 15 1 3 5
7 44 16 2 3 4 6
7 45 1 11 14
7 45 2 1 18
7 45 15 4 14
7 45 16 4
7 46 2 3 5 12
7 46 3 6 12
7 46 7 2 15
7 47 2 4 13
7 47 3 5 10
7 47 4 6 9
7 47 8 3 18
7 48 5 2
7 48 6 9 10 14
7 48 7 1
7 48 8 3 4
7 49 4 2 11
7 49 6 3 9
7 49 7 5 7 8 9
7 49 8 4 6
7 50 2 10
7 50 5 11 13
7 50 6 4
7 50 8 16
7 51 5 11 16
7 51 6 10
7 51 7 14 17
7 51 15 9
7 52 4 2 5 14 17
7 52 5 6 10 12
7 52 6 1 11
7 52 8 2 7
7 53 15 10
7 54 19 10 13 16
7 55 5 2 12
7 55 12 2
7 55 18 2 8 10 16 17
7 56 4 13 14
7 56 17 9 17
7 57 3 1
7 57 5 7 16
7 58 4 15 17
7 59 5 14 16 18
7 59 29 9
7 60 4 17
7 61 29 2 9
7 61 32 3 9 15
7 62 30 3 9
7 62 32 4 11
7 62 33 18
7 63 21 14
7 63 30 4 16
7 64 29 14 17
7 64 30 9
7 64 32 8 9
7 65 30 3 15
7 65 31 14 16
7 66 22 9
7 66 30 4 17
7 66 31 5 18
7 66 32 6 15
7 67 21 9 16
7 67 23 5 14
7 67 24 6 11
7 67 33 13 18
7 67 34 15
7 68 10 14 15
7 68 20 9 17
7 68 25 3
7 68 34 3 5 10 14
7 68 35 6 18
7 69 5 1 9
7 69 11 10 12 18
7 69 25 4 15
7 69 26 1 3
7 69 27 7 8
7 69 31 7 9
7 69 32 16
7 69 34 4 15
7 70 2 1 2 13
7 70 8 8 11
7 70 25 3 13
7 70 26 1 4 18
7 70 27 1
7 70 28 15 16
7 70 30 3 15
7 70 31 2 17
7 70 32 9
7 70 35 18
7 71 3 14
7 71 22 2
7 71 23 13 14
7 71 25 4 11
7 71 26 5
7 71 27 1 6 7 8 9 10 11 13 14 16 17
7 71 28 1 3 11
7 71 29 3 10 18
7 71 30 4 8
7 71 31 7 18
7 72 3 5 15
7 72 4 6 13
7 72 5 10
7 72 24 3 9
7 72 26 17
7 72 27 8
7 72 28 4
7 72 29 2 4 7
7 72 30 8 9
7 73 3 2 5
7 73 4 2 6 10 11 18
7 73 24 4 15
7 73 32 12 13
7 74 24 5
7 74 25 3 6 18
7 74 26 9 16
7 74 33 7 9
7 75 25 4 17
7 76 33 8 13
7 77 22 9
7 78 22 2
7 79 22 9 10
7 79 28 10 14
8 24 0 9 13
8 25 0 13 15
8 25 1 3 9
8 25 2 14
8 26 0 3 10
8 26 1 4 18
8 26 2 2 13
8 27 0 4 9
8 29 5 10 14
8 29 6 2 16
8 29 7 14 16
8 30 5 16 17
8 30 6 3 17
8 30 7 3 16
8 31 4 16 17
8 31 6 4 17
8 31 7 4 15
8 32 2 5 15
8 32 3 6 17
8 32 8 5 18
8 32 9 6 15
8 33 2 3 14
8 33 3 5 18
8 33 4 3 6
8 33 10 9 18
8 34 1 13
8 34 2 4 5
8 34 3 5 6 13
8 34 4 4 6 9 16
8 35 2 10 15
8 35 3 17
8 35 7 3 15
8 35 12 2 10
8 36 2 2
8 36 3 18
8 36 7 4 9
8 36 8 5 18
8 36 9 3 6
8 36 10 14 16
8 37 9 4 17
8 38 6 13 14 15
8 38 7 14
8 38 8 3
8 39 1 3 16
8 39 3 2
8 39 6 5 9 10
8 39 7 6 18
8 39 8 4 10
8 40 0 9 17
8 40 1 4 15
8 41 2 5 18
8 41 3 6 15
8 41 4 9 13
8 41 5 14 16
8 41 6 10 13
8 41 7 15 16
8 42 1 5 15
8 42 2 5 6
8 42 3 2 6
8 42 4 17 18
8 42 6 2 17
8 42 8 13 18
8 43 2 9 13 18
8 44 0 3 10
8 44 15 2 10
8 45 0 4 15
8 45 2 2 14
8 46 1 13 18
8 46 2 13
8 48 7 2 3 9
8 49 5 14 15
8 49 7 4
8 50 6 14 18
8 50 7 10
8 51 6 14
8 52 4 5 13
8 52 5 5 6
8 52 6 2 6
8 52 7 14 15
8 53 8 10 18
8 53 17 15
8 54 18 9 18
8 55 4 3 13
8 56 3 3 5
8 56 4 4 6
8 57 3 2 4 15
8 58 4 5 18
8 58 5 6 10
8 62 33 14 15
8 63 32 3 9 15
8 63 34 16 18
8 64 32 4 16
8 64 33 5 17 18
8 64 34 6
8 65 31 17
8 67 25 3 14
8 68 7 5 16
8 68 8 3 6
8 68 25 4 15
8 68 27 9
8 69 5 2 5
8 69 6 6 17
8 69 8 4 9
8 69 10 13 16
8 69 26 2 18
8 70 2 2
8 70 9 14 17
8 70 26 2 3
8 70 27 2 9 10
8 70 30 9 16
8 70 31 10 16
8 71 26 4 14
8 71 27 2 9
8 71 28 2 14
8 71 29 14 17
8 71 30 9 17
8 72 4 15
8 72 27 10
8 72 31 3 10
8 73 5 14 18
8 73 29 5 10
8 73 30 6
8 73 31 4 13
8 75 33 9 10